1815098661
1815098662
1815098663
1815098664
1815098675
1815098678
1815098682
1815098683
1815098684
1815098685
1815098686
1815098687
1815098692
1815098693
1815098694
1815098695
1815098698
1815098699
1815098700
1815098701
1815098702
1815098710
1815098711
1815098712
1815098713
1815098714
1815098716
1815098717
1815098718
1815098719
1815098725
1815098726
1815098727
1815098728
1815098738
1815098739
1815098740
1815098741
1815098742
1815098744
1815098745
1815098746
1815098747
1815098748
1815098760
1815098761
1815098762
1815098763
1815098764
1815098776
1815098778
1815098779
1815098780
1815098781
1815098786
1815098787
1815098788
1815098789
1815098790
1815098800
1815098801
1815098802
1815098803
1815098804
1815098805
1815098806
1815098807
1815098808
1815098809
1815098810
1815098811
1815098812
1815098819
1815098820
1815098821
1815098822
1815098823
1815098824
1815098825
1815098826
1815098827
1815098828
1815098836
1815098837
1815098838
1815098839
1815098840
1815098841
1815098842
1815098843
1815098844
1815098845
1815098851
1815098852
1815098853
1815098854
1815098864
1815098865
1815098866
1815098867
1815098868
1815098869
1815098881
1815098882
1815098883
1815098884
1815098885
1815098894
1815098895
1815098898
1815098899
1815098903
1815098906
1815098907
1815098908
1815098909
1815098910
1815098912
1815098917
1815098918
1815098919
1815098930
1815098931
1815098932
1815098933
1815098939
1815098940
1815098941
1815098942
1815098944
1815098951
1815098952
1815098953
1815098954
1815098959
1815098960
1815098961
1815098962
1815098963
1815098964
1815098977
1815098979
1815098980
1815098981
1815098982
1815098983
1815098985
1815098993
1815098994
1815099003
1815099004
1815099005
1815099007
1815099008
1815099018
1815099020
1815099033
1815099034
1815099035
1815099036
1815099037
1815099038
1815099045
1815099046
1815099047
1815099048
1815099049
1815099052
1815099053
1815099058
1815099059
1815099060
1815099061
1815099062
1815099063
1815099064
1815099072
1815099073
1815099074
1815099083
1815099084
1815099085
1815099086
1815099087
1815099088
1815099094
1815099095
1815099096
1815099097
1815099098
1815099099
1815099107
1815099108
1815099109
1815099110
1815099111
1815099113
1815099119
1815099120
1815099121
1815099122
1815099123
1815099125
1815099126
1815099136
1815099137
1815099138
1815099139
1815099140
1815099141
1815099142
1815099143
1815099144
1815099145
1815099146
1815099147
1815099148
1815099149
1815099150
1815099151
1815099161
1815099162
1815099163
1815099175
1815099178
1815099187
1815099188
1815099190
1815099191
1815099192
1815099193
1815099194
1815099195
1815099196
1815099197
1815099210
1815099212
1815099213
1815099214
1815099215
1815099216
1815099218
1815099230
1815099231
1815099232
1815099233
1815099234
1815099235
1815099243
1815099244
1815099245
1815099246
1815099247
1815099248
1815099256
1815099257
1815099258
1815099259
1815099260
1815099262
1815099263
1815099268
1815099270
1815099271
1815099272
1815099273
1815099283
1815099284
1815099285
1815099286
1815099287
1815099288
1815099299
1815099300
1815099302
1815099303
1815099316
1815099317
1815099319
1815099320
1815099321
1815099326
1815099328
1815099329
1815099330
1815099338
1815099339
1815099341
1815099349
1815099351
1815099352
1815099354
1815099366
1815099367
1815099368
1815099369
1815099370
1815099372
1815099373
1815099378
1815099380
1815099381
1815099382
1815099385
1815099386
1815099387
1815099388
1815099397
1815099398
1815099399
1815099400
1815099410
1815099411
1815099412
1815099413
1815099414
1815099415
1815099416
1815099419
1815099420
1815099421
1815099422
1815099423
1815099424
1815099425
1815099426
1815099427
1815099437
1815099438
1815099440
1815099441
1815099449
1815099450
1815099451
1815099452
1815099453
1815099465
1815099467
1815099468
1815099469
1815099477
1815099478
1815099479
1815099480
1815099496
1815099497
1815099498
1815099499
1815099500
1815099501
1815099507
1815099508
1815099509
1815099510
1815099512
1815099513
1815099514
1815099515
1815099517
1815099527
1815099528
1815099529
1815099530
1815099532
1815099537
1815099538
1815099539
1815099540
1815099541
1815099542
1815099543
1815099544
1815099545
1815099553
1815099554
1815099555
1815099556
1815099557
1815099558
1815099569
1815099570
1815099571
1815099580
1815099581
1815099586
1815099588
1815099589
1815099590
1815099592
1815099595
1815099596
1815099597
1815099599
1815099600
1815099608
1815099609
1815099610
1815099611
1815099612
1815099613
1815099616
1815099617
1815099618
1815099627
1815099630
1815099631
1815099633
1815099634
1815099635
1815099648
1815099649
1815099650
1815099651
1815099652
1815099663
1815099664
1815099666
1815099672
1815099673
1815099674
1815099687
1815099688
1815099689
1815099692
1815099693
1815099694
1815099695
1815099703
1815099704
1815099705
1815099706
1815099707
1815099708
1815099716
1815099717
1815099720
1815099721
1815099722
1815099730
1815099731
1815099732
1815099733
1815099734
1815099735
1815099743
1815099744
1815099745
1815099746
1815099753
1815099754
1815099755
1815099756
1815099757
1815099758
1815099759
1815099760
1815099762
1815099763
1815099770
1815099771
1815099773
1815099774
1815099775
1815099776
1815099777
1815099780
1815099790
1815099792
1815099793
1815099799
1815099800
1815099801
1815099812
1815099814
1815099815
1815099828
1815099829
1815099830
1815099831
1815099833
1815099834
1815099845
1815099846
1815099847
1815099848
1815099849
1815099850
1815099860
1815099861
1815099862
1815099863
1815099864
1815099867
1815099868
1815099878
1815099880
1815099881
1815099882
1815099883
1815099891
1815099896
1815099897
1815099898
1815099899
1815099900
1815099901
1815099908
1815099909
1815099910
1815099911
1815099912
1815099920
1815099921
1815099922
1815099924
1815099932
1815099933
1815099934
1815099935
1815099937
1815099945
1815099946
1815099947
1815099948
1815099949
1815099950
1815099953
1815099954
1815099955
1815099956
1815099957
1815099958
1815099959
1815099969
1815099970
1815099971
1815099972
1815099974
1815099975
1815099983
1815099984
1815099985
1815099986
1815099987
1815099989
1815099990
1815099991
1815099992
1815099993
1815099994
1815100002
1815100003
1815100004
1815100005
1815100006
1815100009
1815100011
1815100012
1815100023
1815100024
1815100025
1815100026
1815100027
1815100028
1815100029
1815100032
1815100033
1815100041
1815100042
1815100043
1815100045
1815100051
1815100052
1815100053
1815100054
1815100055
1815100065
1815100066
1815100067
1815100069
1815100070
1815100081
1815100082
1815100088
1815100089
1815100090
1815100091
1815100093
1815100094
1815100100
1815100101
1815100102
1815100103
1815100104
1815100105
1815100106
1815100108
1815100109
1815100119
1815100120
1815100121
1815100122
1815100123
1815100124
1815100125
1815100126
1815100127
1815100137
1815100139
1815100140
1815100141
1815100144
1815100145
1815100156
1815100157
1815100158
1815100159
1815100160
1815100161
1815100163
1815100164
1815100165
1815100175
1815100176
1815100177
1815100178
1815100179
1815100182
1815100183
1815100184
1815100185
1815100186
1815100188
1815100195
1815100196
1815100198
1815100199
1815100200
1815100201
1815100205
1815100206
1815100207
1815100216
1815100217
1815100219
1815100220
1815100221
1815100222
1815100232
1815100233
1815100234
1815100244
1815100245
1815100246
1815100247
1815100248
1815100263
1815100264
1815100265
1815100266
1815100279
1815100280
1815100281
1815100282
1815100283
1815100284
1815100285
1815100286
1815100287
1815100288
1815100289
1815100297
1815100298
1815100300
1815100301
1815100302
1815100304
1815100305
1815100311
1815100312
1815100313
1815100314
1815100315
1815100316
1815100324
1815100326
1815100327
1815100328
1815100329
1815100330
1815100331
1815100333
1815100334
1815100345
1815100346
1815100347
1815100348
1815100349
1815100350
1815100352
1815100353
1815100354
1815100362
1815100363
1815100364
1815100365
1815100367
1815100368
1815100374
1815100375
1815100376
1815100377
1815100378
1815100379
1815100381
1815100397
1815100398
1815100408
1815100409
1815100410
1815100411
1815100412
1815100413
1815100414
1815100419
1815100420
1815100430
1815100431
1815100433
1815100443
1815100444
1815100445
1815100447
1815100448
1815100449
1815100457
1815100458
1815100459
1815100460
1815100462
1815100470
1815100471
1815100473
1815100474
1815100483
1815100485
1815100487
1815100488
1815100489
1815100490
1815100491
1815100492
1815100493
1815100494
1815100495
1815100496
1815100507
1815100508
1815100509
1815100510
1815100511
1815100513
1815100514
1815100523
1815100524
1815100525
1815100526
1815100527
1815100529
1815100530
1815100531
1815100532
1815100533
1815100540
1815100541
1815100542
1815100543
1815100553
1815100555
1815100556
1815100557
1815100558
1815100567
1815100568
1815100569
1815100570
1815100571
1815100572
1815100573
1815100574
1815100575
1815100576
1815100577
1815100589
1815100590
1815100592
1815100593
1815100594
1815100595
1815100596
1815100597
1815100598
1815100599
1815100600
1815100601
1815100603
1815100617
1815100618
1815100619
1815100620
1815100621
1815100623
1815100634
1815100635
1815100636
1815100637
1815100639
1815100641
1815100649
1815100650
1815100651
1815100652
1815100653
1815100654
1815100655
1815100656
1815100667
1815100668
1815100669
1815100670
1815100671
1815100680
1815100682
1815100683
1815100684
1815100685
1815100686
1815100687
1815100696
1815100697
1815100698
1815100699
1815100701
1815100702
1815100709
1815100710
1815100711
1815100712
1815100713
1815100714
1815100715
1815100716
1815100722
1815100723
1815100724
1815100725
1815100727
1815100728
1815100729
1815100731
1815100732
1815100733
1815100734
1815100735
1815100736
1815100744
1815100745
1815100746
1815100747
1815100748
1815100749
1815100750
1815100751
1815100758
1815100759
1815100760
1815100761
1815100763
1815100764
1815100766
1815100767
1815100775
1815100776
1815100778
1815100779
1815100780
1815100781
1815100796
1815100797
1815100808
1815100809
1815100810
1815100811
1815100813
1815100814
1815100815
1815100821
1815100822
1815100823
1815100836
1815100838
1815100839
1815100840
1815100841
1815100842
1815100849
1815100850
1815100851
1815100853
1815100855
1815105165
1815105166
1815105167
1815105168
1815105169
1815105171
1815105183
1815105184
1815105185
1815105186
1815105193
1815105194
1815105195
1815105196
1815105197
1815105198
1815105199
1815105206
1815105207
1815105208
1815105209
1815105210
1815105211
1815105213
1815105214
1815105215
1815105216
1815105217
1815105228
1815105229
1815105230
1815105231
1815105232
1815105234
1815105235
1815105243
1815105244
1815105247
1815105261
1815105262
1815105263
1815105264
1815105266
1815105267
1815105277
1815105278
1815105279
1815105280
1815105281
1815105282
1815105283
1815105286
1815105287
1815105288
1815105289
1815105290
1815105298
1815105305
1815105306
1815105308
1815105309
1815105314
1815105315
1815105316
1815105317
1815105319
1815105320
1815105321
1815105330
1815105331
1815105332
1815105333
1815105334
1815105335
1815105336
1815105337
1815105343
1815105345
1815105346
1815105356
1815105357
1815105358
1815105359
1815105360
1815105361
1815105362
1815105367
1815105368
1815105369
1815105371
1815105373
1815105383
1815105384
1815105385
1815105386
1815105387
1815105389
1815105390
1815105395
1815105396
1815105397
1815105398
1815105400
1815105401
1815105402
1815105403
1815105412
1815105413
1815105423
1815105424
1815105426
1815105428
1815105429
1815105433
1815105434
1815105435
1815105436
1815105437
1815105438
1815105439
1815105445
1815105446
1815105447
1815105448
1815105456
1815105458
1815105459
1815105460
1815105461
1815105463
1815105467
1815105469
1815105470
1815105478
1815105479
1815105480
1815105481
1815105483
1815105490
1815105491
1815105492
1815105493
1815105494
1815105495
1815105496
1815105497
1815105498
1815105499
1815105500
1815105501
1815105503
1815105509
1815105510
1815105511
1815105512
1815105513
1815105520
1815105521
1815105531
1815105532
1815105533
1815105535
1815105536
1815105537
1815105538
1815105544
1815105545
1815105546
1815105547
1815105548
1815105549
1815105550
1815105551
1815105561
1815105562
1815105563
1815105564
1815105565
1815105576
1815105578
1815105579
1815105582
1815105583
1815105584
1815105586
1815105597
1815105598
1815105599
1815105605
1815105606
1815105613
1815105614
1815105616
1815105617
1815105618
1815105619
1815105626
1815105627
1815105628
1815105629
1815105630
1815105631
1815105632
1815105636
1815105637
1815105638
1815105639
1815105640
1815105642
1815105643
1815105644
1815105654
1815105656
1815105657
1815105664
1815105666
1815105667
1815105669
1815105680
1815105681
1815105682
1815105683
1815105684
1815105685
1815105686
1815105688
1815105697
1815105698
1815105699
1815105700
1815105701
1815105707
1815105708
1815105709
1815105711
1815105712
1815105719
1815105720
1815105721
1815105722
1815105723
1815105724
1815105733
1815105734
1815105735
1815105736
1815105737
1815105742
1815105743
1815105744
1815105746
1815105757
1815105758
1815105759
1815105760
1815105768
1815105769
1815105770
1815105772
1815105780
1815105781
1815105783
1815105784
1815105785
1815105786
1815105787
1815105788
1815105789
1815105790
1815105797
1815105798
1815105799
1815105800
1815105801
1815105802
1815105812
1815105814
1815105815
1815105816
1815105817
1815105818
1815105820
1815105821
1815105830
1815105831
1815105832
1815105833
1815105834
1815105836
1815105837
1815105839
1815105840
1815105847
1815105848
1815105849
1815105850
1815105852
1815105853
1815105861
1815105862
1815105863
1815105864
1815105865
1815105866
1815105868
1815105870
1815105880
1815105882
1815105883
1815105889
1815105890
1815105891
1815105892
1815105893
1815105894
1815105895
1815105896
1815105913
1815105914
1815105915
1815105917
1815105924
1815105926
1815105936
1815105937
1815105938
1815105939
1815105940
1815105941
1815105942
1815105943
1815105954
1815105956
1815105957
1815105958
1815105959
1815105965
1815105966
1815105967
1815105968
1815105970
1815105971
1815105972
1815105973
1815105974
1815105982
1815105983
1815105984
1815105985
1815105986
1815105992
1815105993
1815105994
1815106007
1815106008
1815106009
1815106010
1815106021
1815106023
1815106024
1815106025
1815106030
1815106031
1815106032
1815106033
1815106034
1815106035
1815106036
1815106037
1815106038
1815106039
1815106047
1815106048
1815106049
1815106050
1815106051
1815106052
1815106053
1815106055
1815106064
1815106065
1815106069
1815106070
1815106071
1815106072
1815106073
1815106075
1815106077
1815106078
1815106079
1815106080
1815106081
1815106082
1815106090
1815106091
1815106092
1815106093
1815106094
1815106105
1815106106
1815106107
1815106108
1815106110
1815106111
1815106112
1815106113
1815106122
1815106123
1815106124
1815106126
1815106127
1815106129
1815106141
1815106142
1815106143
1815106144
1815106145
1815106146
1815106150
1815106151
1815106152
1815106153
1815106154
1815106161
1815106162
1815106163
1815106167
1815106168
1815106169
1815106177
1815106179
1815106181
1815106182
1815106184
1815106185
1815106195
1815106196
1815106197
1815106198
1815106209
1815106210
1815106211
1815106212
1815106213
1815106214
1815106215
1815106216
1815106218
1815106219
1815106221
1815106222
1815106227
1815106228
1815106229
1815106230
1815106231
1815106232
1815106233
1815106240
1815106242
1815106243
1815106249
1815106250
1815106251
1815106252
1815106261
1815106262
1815106263
1815106264
1815106266
1815106267
1815106272
1815106273
1815106274
1815106278
1815106279
1815106280
1815106283
1815106286
1815106287
1815106288
1815106289
1815106290
1815106291
1815106299
1815106300
1815106301
1815106302
1815106303
1815106304
1815106313
1815106314
1815106315
1815106316
1815106317
1815106319
1815106320
1815106321
1815106325
1815106326
1815106327
1815106328
1815106329
1815106331
1815106332
1815106333
1815106339
1815106341
1815106343
1815106354
1815106355
1815106356
1815106357
1815106368
1815106369
1815106370
1815106371
1815106372
1815106373
1815106376
1815106377
1815106378
1815106382
1815106383
1815106384
1815106385
1815106386
1815106387
1815106388
1815106389
1815106399
1815106400
1815106401
1815106402
1815106403
1815106411
1815106412
1815106414
1815106415
1815106417
1815106421
1815106423
1815106424
1815106433
1815106434
1815106435
1815106436
1815106437
1815106438
1815106439
1815106440
1815106448
1815106449
1815106450
1815106461
1815106462
1815106463
1815106464
1815106465
1815106467
1815106471
1815106472
1815106473
1815106474
1815106475
1815106478
1815106479
1815106480
1815106487
1815106488
1815106489
1815106490
1815106491
1815106494
1815106503
1815106504
1815106505
1815106506
1815106508
1815106511
1815106512
1815106525
1815106526
1815106527
1815106528
1815106529
1815106536
1815106537
1815106538
1815106540
1815106541
1815106548
1815106550
1815106551
1815106552
1815106553
1815106560
1815106561
1815106562
1815106563
1815106564
1815106565
1815106566
1815106568
1815106569
1815106573
1815106574
1815106575
1815106588
1815106592
1815106593
1815106594
1815106595
1815106602
1815106603
1815106604
1815106605
1815106606
1815106607
1815106616
1815106618
1815106619
1815106620
1815106621
1815106622
1815106623
1815106624
1815106629
1815106630
1815106631
1815106632
1815106647
1815106649
1815106650
1815106652
1815106653
1815106663
1815106665
1815106666
1815106674
1815106675
1815106676
1815106677
1815106683
1815106684
1815106686
1815106687
1815106689
1815106691
1815106692
1815106694
1815106703
1815106704
1815106705
1815106706
1815106707
1815106708
1815106717
1815106718
1815106719
1815106720
1815106721
1815106722
1815106723
1815106732
1815106733
1815106735
1815106736
1815106737
1815106738
1815106739
1815106741
1815106742
1815106744
1815106754
1815106755
1815106756
1815106757
1815106758
1815106759
1815106760
1815106774
1815106775
1815106776
1815106777
1815106778
1815106779
1815106780
1815106781
1815106788
1815106790
1815106791
1815106792
1815106793
1815106794
1815106802
1815106803
1815106804
1815106805
1815106806
1815106815
1815106816
1815106817
1815106818
1815106819
1815106820
1815106826
1815106827
1815106828
1815106836
1815106837
1815106838
1815106842
1815106843
1815106851
1815106853
1815106854
1815106855
1815106856
1815106857
1815106867
1815106868
1815106869
1815106870
1815106871
1815106880
1815106881
1815106882
1815106883
1815106891
1815106901
1815106902
1815106903
1815106904
1815106911
1815106912
1815106914
1815106915
1815106916
1815106922
1815106923
1815106925
1815106926
1815106933
1815106934
1815106935
1815106936
1815106937
1815106943
1815106944
1815106945
1815106946
1815106954
1815106957
1815106958
1815106959
1815106970
1815106972
1815106973
1815106974
1815106975
1815106976
1815106977
1815106983
1815106985
1815106986
1815106995
1815106996
1815106997
1815106998
1815106999
1815107000
1815107002
1815107003
1815107012
1815107014
1815107015
1815107016
1815107017
1815107027
1815107028
1815107030
1815107031
1815107036
1815107037
1815107039
1815107040
1815107044
1815107045
1815107046
1815107047
1815107048
1815107049
1815107058
1815107059
1815107060
1815107061
1815107062
1815107063
1815107064
1815107072
1815107073
1815107075
1815107076
1815107077
1815107078
1815107084
1815107085
1815107086
1815107088
1815107089
1815107090
1815107096
1815107097
1815107098
1815107099
1815107100
1815107101
1815107102
1815107103
1815107115
1815107116
1815107117
1815107122
1815107123
1815107125
1815107126
1815107127
1815107128
1815107136
1815107137
1815107138
1815107139
1815107141
1815107142
1815107150
1815107151
1815107152
1815107153
1815107154
1815107155
1815107156
1815107161
1815107162
1815107163
1815107165
1815107167
1815107168
1815107169
1815107170
1815107172
1815107173
1815107181
1815107182
1815107183
1815107184
1815107185
1815107186
1815107187
1815107188
1815107189
1815107195
1815107196
1815107197
1815107198
1815107199
1815107200
1815107201
1815107205
1815107206
1815107207
1815107208
1815107209
1815107210
1815107211
1815107221
1815107222
1815107224
1815107230
1815107231
1815107232
1815107234
1815107243
1815107244
1815107245
1815107246
1815107247
1815107248
1815107256
1815107257
1815107264
1815107265
1815107266
1815107267
1815107268
1815107270
1815107271
1815107279
1815107280
1815107281
1815107282
1815107283
1815107291
1815107292
1815107293
1815107301
1815107302
1815107303
1815107304
1815107305
1815107311
1815107312
1815107313
1815107314
1815107315
1815107316
1815107317
1815107318
1815107319
1815107326
1815107327
1815107328
1815107329
1815107330
1815107340
1815107342
1815107343
1815107344
1815107345
1815107353
1815107354
1815107356
1815107357
1815107358
1815107359
1815107360
1815107362
1815107372
1815107373
1815107374
1815107375
1815107376
1815107377
1815107378
1815107380
1815107381
1815107389
1815107391
1815107392
1815107393
1815107405
1815107406
1815107414
1815107415
1815107416
1815107421
1815107422
1815107423
1815107424
1815107426
1815107428
1815107434
1815107435
1815107436
1815107437
1815107438
1815107439
1815107440
1815107443
1815107450
1815107451
1815107452
1815107453
1815107454
1815107456
1815107468
1815107469
1815107470
1815107471
1815107472
1815107473
1815107474
1815107475
1815107476
1815107478
1815107479
1815107480
1815107492
1815107493
1815107494
1815107495
1815107496
1815107497
1815107498
1815107506
1815107507
1815107508
1815107520
1815107521
1815107522
1815107523
1815107524
1815107525
1815107526
1815107527
1815107537
1815107538
1815107545
1815107546
1815107548
1815107558
1815107559
1815107560
1815107562
1815107563
1815107564
1815107565
1815107576
1815107577
1815107579
1815107582
1815107583
1815107584
1815107585
1815107596
1815107597
1815107598
1815107600
1815107602
1815107603
1815107604
1815107618
1815107621
1815107622
1815107623
1815107624
1815107632
1815107633
1815107634
1815107635
1815107636
1815107643
1815107644
1815107645
1815107646
1815107649
1815107650
1815107657
1815107659
1815107660
1815107661
1815107662
1815107663
1815107664
1815107665
1815107673
1815107674
1815107675
1815107677
1815107678
1815107679
1815107680
1815107681
1815107690
1815107691
1815107692
1815107693
1815107694
1815107695
1815107696
1815107704
1815107705
1815107706
1815107707
1815107708
1815107718
1815107719
1815107720
1815107723
1815107725
1815107726
1815107738
1815107739
1815107740
1815107741
1815107742
1815107743
1815107744
1815107745
1815107756
1815107757
1815107758
1815107759
1815107767
1815107768
1815107770
1815107774
1815107775
1815107776
1815107777
1815107779
1815107780
1815107781
1815107782
1815107783
1815107792
1815107793
1815107795
1815107796
1815107797
1815107802
1815107803
1815107804
1815107811
1815107813
1815107817
1815107818
1815107819
1815107821
1815107822
1815107823
1815107824
1815107825
1815107832
1815107833
1815107838
1815107839
1815107840
1815107841
1815107842
1815107843
1815107844
1815107845
1815107846
1815107847
1815107848
1815107849
1815107850
1815107851
1815107852
1815107853
1815107857
1815107858
1815107859
1815107860
1815107861
1815107862
1815107863
1815107872
1815107873
1815107874
1815107881
1815107882
1815107883
1815107884
1815107892
1815107893
1815107894
1815107895
1815107896
1815107897
1815107902
1815107903
1815107904
1815107905
1815107906
1815107908
1815107909
1815107916
1815107917
1815107918
1815107919
1815107920
1815107921
1815107922
1815107923
1815107933
1815107934
1815107935
1815107936
1815107937
1815107938
1815107949
1815107950
1815107951
1815107952
1815107953
1815107954
1815107955
1815107956
1815107968
1815107969
1815107970
1815107971
1815107972
1815107973
1815107974
1815107975
1815107976
1815107977
1815107985
1815107987
1815107988
1815107989
1815107990
1815107991
1815108004
1815108005
1815108006
1815108007
1815108013
1815108014
1815108015
1815108016
1815108017
1815108027
1815108028
1815108030
1815108031
1815108032
1815108036
1815108037
1815108038
1815108040
1815108048
1815108049
1815108050
1815108051
1815108052
1815108053
1815108054
1815108055
1815108056
1815108063
1815108064
1815108065
1815108066
1815108067
1815108068
1815108080
1815108082
1815108083
1815108085
1815108091
1815108100
1815108102
1815108103
1815108105
1815108112
1815108113
1815108114
1815108115
1815108116
1815108127
1815108128
1815108129
1815108130
1815108131
1815108132
1815108136
1815108147
1815108148
1815108149
1815108150
1815108151
1815108152
1815108158
1815108159
1815108160
1815108161
1815108162
1815108163
1815108164
1815108172
1815108173
1815108175
1815108176
1815108177
1815108187
1815108190
1815108191
1815108192
1815108194
1815108195
1815108202
1815108203
1815108204
1815108205
1815108206
1815108207
1815108214
1815108216
1815108227
1815108228
1815108229
1815108230
1815108231
1815108232
1815108233
1815108234
1815108235
1815108243
1815108244
1815108245
1815108246
1815108247
1815108248
1815108254
1815108255
1815108256
1815108258
1815108259
1815108263
1815108264
1815108265
1815108266
1815108276
1815108277
1815108278
1815108280
1815108281
1815108285
1815108286
1815108287
1815108288
1815108289
1815108290
1815108299
1815108302
1815108307
1815108308
1815108310
1815108311
1815108312
1815108313
1815108319
1815108321
1815108334
1815108335
1815108336
1815108337
1815108338
1815108339
1815108351
1815108352
1815108353
1815108354
1815108355
1815108356
1815108357
1815108358
1815108371
1815108372
1815108373
1815108374
1815108381
1815108382
1815108384
1815108385
1815108386
1815108387
1815108396
1815108397
1815108398
1815108400
1815108401
1815108402
1815108410
1815108411
1815108412
1815108413
1815108414
1815108415
1815108416
1815108417
1815108425
1815108426
1815108427
1815108428
1815108429
1815108435
1815108437
1815108438
1815108439
1815108440
1815108441
1815108442
1815108448
1815108449
1815108450
1815108451
1815108453
1815108454
1815108460
1815108463
1815108465
1815108466
1815108472
1815108473
1815108474
1815108475
1815108476
1815108477
1815108487
1815108488
1815108489
1815108490
1815108491
1815108500
1815108501
1815108502
1815108503
1815108504
1815108505
1815108506
1815108508
1815108509
1815108510
1815108520
1815108521
1815108523
1815108524
1815108526
1815108527
1815108528
1815108530
1815108537
1815108538
1815108539
1815108541
1815108542
1815108543
1815108550
1815108551
1815108552
1815108553
1815108554
1815108555
1815108556
1815108557
1815108558
1815108568
1815108569
1815108570
1815108571
1815108572
1815108573
1815108574
1815108576
1815108577
1815108589
1815108590
1815108591
1815108592
1815108593
1815108594
1815108603
1815108604
1815108605
1815108606
1815108608
1815108615
1815108616
1815108618
1815108619
1815108626
1815108627
1815108629
1815108631
1815108633
1815108634
1815108641
1815108646
1815108647
1815108649
1815108658
1815108659
1815108660
1815108661
1815108662
1815108663
1815108665
1815108666
1815108674
1815108676
1815108677
1815108686
1815108687
1815108688
1815108689
1815108690
1815108697
1815108698
1815108699
1815108700
1815108701
1815108702
1815108703
1815108711
1815108712
1815108713
1815108714
1815108716
1815108728
1815108729
1815108730
1815108731
1815108732
1815108739
1815108741
1815108742
1815108743
1815108744
1815108746
1815108747
1815108757
1815108758
1815108759
1815108760
1815108762
1815108766
1815108775
1815108776
1815108777
1815108778
1815108779
1815108791
1815108792
1815108798
1815108799
1815108800
1815108801
1815108802
1815108812
1815108813
1815108814
1815108815
1815108816
1815108817
1815108818
1815108819
1815108820
1815108821
1815108829
1815108830
1815108831
1815108832
1815108833
1815108834
1815108835
1815108836
1815108837
1815108845
1815108846
1815108857
1815108858
1815108859
1815108860
1815108861
1815108862
1815108863
1815108864
1815108871
1815108872
1815108873
1815108874
1815108875
1815108876
1815108877
1815108885
1815108886
1815108887
1815108888
1815108894
1815108895
1815108896
1815108897
1815108898
1815108899
1815108907
1815108908
1815108909
1815108918
1815108919
1815108920
1815108921
1815108922
1815108925
1815108926
1815108927
1815108928
1815108930
1815108932
1815108937
1815108938
1815108939
1815108940
1815108945
1815108946
1815108947
1815108949
1815108951
1815108961
1815108962
1815108963
1815108964
1815108965
1815108967
1815108968
1815108972
1815108973
1815108976
1815108977
1815108986
1815108987
1815108988
1815108996
1815108997
1815108998
1815109005
1815109006
1815109007
1815109009
1815109010
1815109011
1815109012
1815109013
1815109014
1815109023
1815109025
1815109033
1815109034
1815109035
1815109045
1815109046
1815109047
1815109048
1815109061
1815109062
1815109063
1815109064
1815109065
1815109066
1815109067
1815109077
1815109078
1815109079
1815109080
1815109084
1815109086
1815109097
1815109098
1815109099
1815109100
1815109101
1815109102
1815109103
1815109110
1815109111
1815109112
1815109113
1815109114
1815109118
1815109119
1815109121
1815109122
1815109123
1815109124
1815109125
1815109126
1815109133
1815109134
1815109135
1815109149
1815109150
1815109151
1815109152
1815109153
1815109158
1815109160
1815109162
1815109163
1815109172
1815109175
1815109176
1815109177
1815109179
1815109185
1815109186
1815109187
1815109188
1815109189
1815109190
1815109205
1815109206
1815109208
1815109209
1815109211
1815109212
1815109214
1815109215
1815109218
1815109224
1815109225
1815109236
1815109237
1815109238
1815109239
1815109240
1815109241
1815109242
1815109252
1815109253
1815109254
1815109255
1815109256
1815109258
1815109267
1815109268
1815109269
1815109275
1815109276
1815109277
1815109278
1815109279
1815109286
1815109287
1815109288
1815109289
1815109300
1815109301
1815109303
1815109304
1815109312
1815109313
1815109314
1815109315
1815109316
1815109317
1815109318
1815109320
1815109321
1815109326
1815109327
1815109328
1815109329
1815109330
1815109331
1815109332
1815109333
1815109334
1815109335
1815109336
1815109337
1815109343
1815109344
1815109345
1815109346
1815109347
1815109350
1815109360
1815109361
1815109362
1815109363
1815109364
1815109371
1815109372
1815109374
1815109376
1815109377
1815109378
1815109379
1815109385
1815109386
1815109387
1815109388
1815109389
1815109390
1815109397
1815109405
1815109406
1815109407
1815109408
1815109409
1815109410
1815109415
1815109417
1815109418
1815109419
1815109421
1815109430
1815109431
1815109432
1815109433
1815109434
1815109435
1815109442
1815109443
1815109444
1815109445
1815109457
1815109458
1815109459
1815109460
1815109462
1815109463
1815109470
1815109472
1815109473
1815109474
1815109475
1815109483
1815109484
1815109485
1815109486
1815109487
1815109488
1815109491
1815109492
1815109498
1815109499
1815109500
1815109501
1815109502
1815109511
1815109512
1815109513
1815109514
1815109515
1815109516
1815109529
1815109530
1815109531
1815109532
1815109533
1815109534
1815109537
1815109538
1815109539
1815109540
1815109541
1815109542
1815109549
1815109550
1815109551
1815109552
1815109553
1815109554
1815109555
1815109556
1815109560
1815109561
1815109562
1815109567
1815109568
1815109569
1815109570
1815109571
1815109577
1815109578
1815109580
1815109581
1815109582
1815109583
1815109589
1815109590
1815109591
1815109592
1815109593
1815109594
1815109596
1815109603
1815109605
1815109606
1815109607
1815109617
1815109620
1815109621
1815109622
1815109624
1815109631
1815109632
1815109633
1815109634
1815109635
1815109636
1815109637
1815109646
1815109647
1815109648
1815109650
1815109653
1815109654
1815109655
1815109656
1815109657
1815109658
1815109659
1815109663
1815109665
1815109666
1815109667
1815109678
1815109687
1815109688
1815109689
1815109697
1815109698
1815109699
1815109701
1815109702
1815109703
1815109704
1815109705
1815109715
1815109716
1815109717
1815109718
1815109719
1815109721
1815109722
1815109730
1815109732
1815109733
1815109734
1815109735
1815109740
1815109741
1815109743
1815109744
1815109751
1815109752
1815109753
1815109754
1815109762
1815109764
1815109765
1815109766
1815109767
1815109768
1815109776
1815109777
1815109778
1815109779
1815109780
1815109781
1815109791
1815109792
1815109805
1815109806
1815109807
1815109809
1815109810
1815109811
1815109812
1815109815
1815109820
1815109821
1815109822
1815109823
1815109824
1815109825
1815109826
1815109827
1815109834
1815109835
1815109836
1815109848
1815109849
1815109851
1815109852
1815109853
1815109854
1815109860
1815109861
1815109862
1815109864
1815109865
1815109870
1815109871
1815109872
1815109873
1815109883
1815109885
1815109886
1815109887
1815109888
1815109889
1815109898
1815109899
1815109900
1815109901
1815109912
1815109914
1815109915
1815109916
1815109917
1815109918
1815109920
1815109925
1815109926
1815109927
1815109934
1815109936
1815109937
1815109938
1815109946
1815109947
1815109949
1815109950
1815109951
1815109952
1815109954
1815109957
1815109959
1815109968
1815109969
1815109977
1815109978
1815109980
1815109981
1815109984
1815109992
1815109993
1815109994
1815110003
1815110004
1815110005
1815110006
1815110007
1815110008
1815110009
1815110010
1815110011
1815110012
1815110021
1815110023
1815110024
1815110026
1815110027
1815110029
1815110038
1815110039
1815110040
1815110043
1815110044
1815110059
1815110060
1815110061
1815110062
1815110070
1815110071
1815110072
1815110073
1815110082
1815110083
1815110084
1815110085
1815110086
1815110087
1815110088
1815110089
1815110104
1815110105
1815110106
1815110107
1815110115
1815110116
1815110127
1815110128
1815110129
1815110130
1815110131
1815110132
1815110144
1815110145
1815110146
1815110147
1815110148
1815110149
1815110151
1815110152
1815110153
1815110158
1815110159
1815110160
1815110161
1815110171
1815110172
1815110173
1815110180
1815110181
1815110182
1815110183
1815110184
1815110185
1815110194
1815110195
1815110196
1815110197
1815110198
1815110199
1815110200
1815110201
1815110202
1815110203
1815110215
1815110216
1815110218
1815110222
1815110223
1815110231
1815110232
1815110233
1815110234
1815110235
1815110242
1815110243
1815110244
1815110245
1815110246
1815110247
1815110248
1815110254
1815110255
1815110256
1815110258
1815110259
1815110260
1815110262
1815110270
1815110271
1815110272
1815110273
1815110274
1815110282
1815110283
1815110284
1815110285
1815110291
1815110294
1815110298
1815110299
1815110300
1815110307
1815110308
1815110309
1815110310
1815110311
1815110312
1815110320
1815110321
1815110322
1815110323
1815110324
1815110333
1815110335
1815110336
1815110343
1815110344
1815110345
1815110346
1815110347
1815110355
1815110356
1815110357
1815110360
1815110368
1815110370
1815110371
1815110372
1815110373
1815110374
1815110375
1815110376
1815110384
1815110385
1815110386
1815110387
1815110392
1815110393
1815110401
1815110403
1815110404
1815110405
1815110406
1815110407
1815110408
1815110409
1815110410
1815110420
1815110421
1815110422
1815110423
1815110432
1815110433
1815110434
1815110436
1815110437
1815110444
1815110445
1815110447
1815110448
1815110449
1815110450
1815110456
1815110457
1815110458
1815110459
1815110460
1815110468
1815110469
1815110470
1815110471
1815110472
1815110473
1815110478
1815110479
1815110480
1815110481
1815110482
1815110483
1815110488
1815110489
1815110491
1815110492
1815110493
1815110502
1815110503
1815110504
1815110511
1815110512
1815110513
1815110521
1815110522
1815110523
1815110524
1815110525
1815110526
1815110527
1815110529
1815110536
1815110537
1815110538
1815110539
1815110540
1815110542
1815110546
1815110547
1815110548
1815110550
1815110558
1815110559
1815110562
1815110572
1815110573
1815110574
1815110575
1815110576
1815110585
1815110586
1815110587
1815110588
1815110594
1815110595
1815110596
1815110606
1815110607
1815110608
1815110609
1815110610
1815110615
1815110616
1815110617
1815110618
1815110619
1815110620
1815110621
1815110629
1815110630
1815110632
1815110633
1815110634
1815110641
1815110642
1815110653
1815110654
1815110655
1815110656
1815110657
1815110658
1815110659
1815110660
1815110661
1815110662
1815110663
1815110676
1815110677
1815110678
1815110684
1815110685
1815110687
1815110688
1815110696
1815110698
1815110707
1815110708
1815110709
1815110710
1815110711
1815110712
1815110719
1815110720
1815110721
1815110722
1815110723
1815110726
1815110731
1815110732
1815110733
1815110743
1815110744
1815110745
1815110746
1815110747
1815110748
1815110749
1815110761
1815110762
1815110763
1815110769
1815110771
1815110772
1815110774
1815110781
1815110782
1815110789
1815110790
1815110791
1815110792
1815110793
1815110795
1815110796
1815110797
1815110814
1815110816
1815110826
1815110827
1815110828
1815110829
1815110830
1815110831
1815110832
1815110838
1815110845
1815110846
1815110847
1815110848
1815110849
1815110863
1815110864
1815110865
1815110866
1815110868
1815110878
1815110879
1815110880
1815110882
1815110894
1815110895
1815110896
1815110897
1815110898
1815110899
1815110900
1815110907
1815110908
1815110909
1815110910
1815110911
1815110921
1815110922
1815110923
1815110924
1815110926
1815110934
1815110935
1815110936
1815110937
1815110938
1815110939
1815110940
1815110941
1815110943
1815110944
1815110953
1815110954
1815110955
1815110957
1815110958
1815110959
1815110960
1815110961
1815110962
1815110963
1815110964
1815110965
1815110973
1815110974
1815110975
1815110976
1815110977
1815110978
1815110979
1815110980
1815110982
1815110984
1815110985
1815110996
1815110997
1815110998
1815110999
1815111000
1815111001
1815111002
1815111003
1815111005
1815111009
1815111010
1815111011
1815111013
1815111015
1815111025
1815111026
1815111028
1815111029
1815111037
1815111038
1815111043
1815111044
1815111046
1815111047
1815111054
1815111055
1815111057
1815111058
1815111059
1815111060
1815111065
1815111066
1815111079
1815111080
1815111081
1815111082
1815111084
1815111088
1815111089
1815111090
1815111091
1815111093
1815111102
1815111103
1815111104
1815111113
1815111114
1815111115
1815111116
1815111117
1815111118
1815111119
1815111121
1815111123
1815111124
1815111125
1815111139
1815111140
1815111151
1815111152
1815111153
1815111154
1815111155
1815111156
1815111157
1815111158
1815111165
1815111173
1815111174
1815111175
1815111176
1815111183
1815111184
1815111186
1815111192
1815111194
1815111195
1815111198
1815111208
1815111210
1815111211
1815111212
1815111224
1815111225
1815111226
1815111227
1815111228
1815111229
1815111230
1815111231
1815111237
1815111238
1815111239
1815111240
1815111249
1815111250
1815111251
1815111252
1815111253
1815111256
1815111257
1815111267
1815111268
1815111269
1815111270
1815111271
1815111272
1815111273
1815111283
1815111285
1815111286
1815111287
1815111288
1815111289
1815111299
1815111300
1815111301
1815111302
1815111303
1815111311
1815111312
1815111320
1815111321
1815111322
1815111323
1815111324
1815111329
1815111330
1815111331
1815111332
1815111333
1815111334
1815111346
1815111348
1815111349
1815111353
1815111354
1815111355
1815111356
1815111357
1815111358
1815111360
1815111361
1815111364
1815111365
1815111366
1815111367
1815111368
1815111369
1815111381
1815111382
1815111383
1815111384
1815111385
1815111386
1815111388
1815111389
1815111397
1815111398
1815111406
1815111407
1815111408
1815111416
1815111417
1815111418
1815111419
1815111421
1815111422
1815111428
1815111429
1815111430
1815111432
1815111433
1815111434
1815111435
1815111443
1815111444
1815111445
1815111446
1815111464
1815111470
1815111471
1815111472
1815111473
1815111474
1815111476
1815111477
1815111478
1815111480
1815111481
1815111482
1815111490
1815111491
1815111492
1815111493
1815111494
1815111500
1815111501
1815111502
1815111503
1815111504
1815111505
1815111513
1815111514
1815111515
1815111516
1815111517
1815111518
1815111519
1815111527
1815111528
1815111529
1815111530
1815111531
1815111532
1815111533
1815111539
1815111543
1815111545
1815111559
1815111560
1815111561
1815111566
1815111567
1815111568
1815111569
1815111570
1815111571
1815111573
1815111580
1815111581
1815111582
1815111583
1815111584
1815111586
1815111593
1815111594
1815111595
1815111596
1815111597
1815111598
1815111599
1815111609
1815111610
1815111611
1815111613
1815111625
1815111626
1815111628
1815111629
1815111630
1815111638
1815111639
1815111640
1815111641
1815111642
1815111643
1815111644
1815111650
1815111653
1815111654
1815111656
1815111657
1815111659
1815111672
1815111673
1815111675
1815111676
1815111677
1815111678
1815111679
1815111681
1815111682
1815111683
1815111694
1815111695
1815111696
1815111706
1815111707
1815111708
1815111709
1815111710
1815111711
1815111712
1815111713
1815111721
1815111722
1815111723
1815111731
1815111733
1815111734
1815111741
1815111742
1815111743
1815111744
1815111745
1815111750
1815111751
1815111752
1815111753
1815111757
1815111759
1815111767
1815111770
1815111771
1815111779
1815111780
1815111781
1815111782
1815111783
1815111784
1815111789
1815111790
1815111791
1815111792
1815111793
1815111794
1815111801
1815111802
1815111803
1815111804
1815111805
1815111807
1815111814
1815111815
1815111817
1815111818
1815111820
1815111821
1815111822
1815111823
1815111824
1815111825
1815111827
1815111836
1815111837
1815111838
1815111839
1815111848
1815111849
1815111850
1815111851
1815111852
1815111853
1815111854
1815111862
1815111864
1815111865
1815111866
1815111867
1815111869
1815111880
1815111881
1815111882
1815111883
1815111888
1815111889
1815111890
1815111891
1815111898
1815111899
1815111900
1815111901
1815111913
1815111921
1815111922
1815111923
1815111924
1815111926
1815111927
1815111929
1815111938
1815111939
1815111940
1815111941
1815111942
1815111950
1815111951
1815111952
1815111957
1815111958
1815111959
1815111962
1815111974
1815111976
1815111978
1815111991
1815111992
1815111993
1815111994
1815111995
1815111996
1815111997
1815111998
1815112000
1815112007
1815112008
1815112009
1815112010
1815112011
1815112012
1815112023
1815112024
1815112025
1815112026
1815112028
1815112033
1815112035
1815112036
1815112037
1815112038
1815112039
1815112040
1815112041
1815112045
1815112046
1815112047
1815112048
1815112050
1815112064
1815112065
1815112066
1815112067
1815112068
1815112069
1815112070
1815112076
1815112077
1815112078
1815112080
1815112081
1815112082
1815112092
1815112093
1815112094
1815112096
1815112097
1815112098
1815112106
1815112107
1815112108
1815112109
1815112118
1815112128
1815112129
1815112130
1815112131
1815112144
1815112145
1815112146
1815112147
1815112148
1815112149
1815112160
1815112161
1815112162
1815112163
1815112164
1815112172
1815112173
1815112174
1815112175
1815112176
1815112187
1815112188
1815112189
1815112190
1815112191
1815112192
1815112200
1815112201
1815112202
1815112203
1815112205
1815112215
1815112216
1815112217
1815112218
1815112219
1815112226
1815112227
1815112228
1815112229
1815112230
1815112231
1815112238
1815112239
1815112240
1815112241
1815112242
1815112243
1815112244
1815112250
1815112264
1815112265
1815112266
1815112267
1815112268
1815112269
1815112277
1815112278
1815112289
1815112290
1815112291
1815112292
1815112293
1815112306
1815112311
1815112312
1815112313
1815112320
1815112322
1815112323
1815112333
1815112334
1815112335
1815112336
1815112343
1815112344
1815112345
1815112346
1815112347
1815112349
1815112350
1815112357
1815112359
1815112360
1815112361
1815112363
1815112364
1815112366
1815112367
1815112368
1815112369
1815112370
1815112379
1815112380
1815112381
1815112382
1815112383
1815112385
1815112386
1815112387
1815112394
1815112395
1815112396
1815112397
1815112398
1815112400
1815112401
1815112403
1815112404
1815112405
1815112413
1815112414
1815112415
1815112416
1815112417
1815112418
1815112419
1815112420
1815112430
1815112431
1815112432
1815112433
1815112434
1815112435
1815112436
1815112437
1815112447
1815112448
1815112449
1815112450
1815112451
1815112452
1815112453
1815112462
1815112463
1815112464
1815112465
1815112466
1815112467
1815112468
1815112469
1815112470
1815112475
1815112476
1815112477
1815112478
1815112483
1815112484
1815112485
1815112487
1815112488
1815112489
1815112490
1815112491
1815112492
1815112494
1815112502
1815112503
1815112504
1815112505
1815112506
1815112514
1815112515
1815112516
1815112517
1815112518
1815112526
1815112527
1815112528
1815112529
1815112531
1815112532
1815112533
1815112534
1815112542
1815112543
1815112544
1815112545
1815112546
1815112547
1815112552
1815112553
1815112554
1815112556
1815112559
1815112560
1815112561
1815112562
1815112563
1815112576
1815112577
1815112579
1815112587
1815112602
1815112603
1815112604
1815112605
1815112606
1815112607
1815112608
1815112612
1815112613
1815112614
1815112621
1815112622
1815112623
1815112624
1815112625
1815112628
1815112629
1815112639
1815112640
1815112641
1815112642
1815112643
1815112649
1815112650
1815112652
1815112654
1815112655
1815112667
1815112668
1815112669
1815112677
1815112678
1815112680
1815112681
1815112683
1815112691
1815112692
1815112702
1815112703
1815112705
1815112706
1815112713
1815112714
1815112715
1815112717
1815112718
1815112727
1815112728
1815112729
1815112731
1815112732
1815112733
1815112734
1815112739
1815112740
1815112752
1815112753
1815112754
1815112755
1815112763
1815112764
1815112765
1815112767
1815112773
1815112774
1815112775
1815112785
1815112786
1815112787
1815112788
1815112789
1815112791
1815112792
1815112799
1815112800
1815112801
1815112802
1815112803
1815112805
1815112806
1815112812
1815112814
1815112815
1815112816
1815112817
1815112818
1815112819
1815112820
1815112825
1815112826
1815112827
1815112828
1815112835
1815112836
1815112837
1815112838
1815112840
1815112841
1815112842
1815112849
1815112850
1815112851
1815112852
1815112853
1815112861
1815112863
1815112865
1815112866
1815112867
1815112868
1815112874
1815112875
1815112876
1815112877
1815112882
1815112884
1815112886
1815112887
1815112888
1815112895
1815112897
1815112906
1815112908
1815112920
1815112921
1815112922
1815112923
1815112924
1815112929
1815112930
1815112931
1815112933
1815112935
1815112936
1815112937
1815112944
1815112945
1815112946
1815112947
1815112952
1815112953
1815112955
1815112956
1815112957
1815112965
1815112966
1815112967
1815112968
1815112970
1815112971
1815112972
1815112980
1815112981
1815112982
1815112983
1815112984
1815112990
1815112991
1815112992
1815112993
1815112994
1815112995
1815112996
1815112997
1815112998
1815113004
1815113005
1815113006
1815113007
1815113008
1815113009
1815113010
1815113020
1815113021
1815113022
1815113023
1815113025
1815113027
1815113028
1815113029
1815113034
1815113035
1815113036
1815113037
1815113046
1815113047
1815113048
1815113060
1815113061
1815113062
1815113063
1815113064
1815113065
1815113066
1815113067
1815113068
1815113069
1815113081
1815113082
1815113084
1815113093
1815113094
1815113095
1815113096
1815113106
1815113107
1815113114
1815113115
1815113116
1815113117
1815113118
1815113127
1815113128
1815113129
1815113131
1815113132
1815113141
1815113142
1815113143
1815113145
1815113146
1815113148
1815113149
1815113150
1815113151
1815113152
1815113161
1815113162
1815113163
1815113167
1815113168
1815113169
1815113170
1815113171
1815113172
1815113183
1815113184
1815113185
1815113186
1815113187
1815113188
1815113189
1815113190
1815113191
1815113196
1815113197
1815113198
1815113200
1815113201
1815113202
1815113210
1815113211
1815113212
1815113213
1815113214
1815113215
1815113229
1815113230
1815113231
1815113232
1815113234
1815113235
1815113245
1815113246
1815113248
1815113249
1815113250
1815113251
1815113260
1815113261
1815113262
1815113264
1815113265
1815113278
1815113279
1815113280
1815113281
1815113282
1815113283
1815113284
1815113285
1815113286
1815113287
1815113294
1815113295
1815113296
1815113297
1815113298
1815113299
1815113300
1815113301
1815113312
1815113313
1815113315
1815113316
1815113324
1815113325
1815113326
1815113327
1815113328
1815113329
1815113330
1815113331
1815113332
1815113333
1815113339
1815113340
1815113341
1815113342
1815113343
1815113348
1815113349
1815113350
1815113351
1815113361
1815113363
1815113364
1815113372
1815113373
1815113374
1815113375
1815113376
1815113384
1815113385
1815113386
1815113387
1815113388
1815113389
1815113396
1815113397
1815113398
1815113399
1815113401
1815113402
1815113403
1815113404
1815113405
1815113406
1815113418
1815113419
1815113420
1815113421
1815113434
1815113435
1815113436
1815113444
1815113445
1815113446
1815113447
1815113448
1815113450
1815113455
1815113457
1815113460
1815113471
1815113472
1815113473
1815113474
1815113487
1815113488
1815113497
1815113498
1815113499
1815113500
1815113502
1815113503
1815113513
1815113515
1815113518
1815113519
1815113527
1815113528
1815113529
1815113530
1815113531
1815113532
1815113533
1815113546
1815113547
1815113548
1815113549
1815113559
1815113560
1815113561
1815113562
1815113563
1815113570
1815113571
1815113572
1815113573
1815113574
1815113585
1815113586
1815113587
1815113588
1815113589
1815113590
1815113591
1815113592
1815113593
1815113599
1815113600
1815113601
1815113610
1815113611
1815113612
1815113618
1815113619
1815113620
1815113621
1815113623
1815113625
1815113626
1815113638
1815113639
1815113640
1815113641
1815113651
1815113652
1815113653
1815113654
1815113655
1815113656
1815113657
1815113658
1815113659
1815113660
1815113661
1815113662
1815113663
1815113672
1815113673
1815113674
1815113675
1815113680
1815113682
1815113683
1815113690
1815113692
1815113693
1815113700
1815113701
1815113702
1815113703
1815113705
1815113706
1815113707
1815113708
1815113716
1815113717
1815113718
1815113719
1815113720
1815113721
1815113727
1815113728
1815113729
1815113730
1815113733
1815113746
1815113747
1815113758
1815113759
1815113760
1815113761
1815113771
1815113772
1815113773
1815113774
1815113775
1815113776
1815113777
1815113778
1815113779
1815113787
1815113788
1815113789
1815113791
1815113792
1815113793
1815113800
1815113801
1815113802
1815113805
1815113807
1815113808
1815113815
1815113819
1815113821
1815113822
1815113823
1815113824
1815113829
1815113830
1815113831
1815113832
1815113833
1815113834
1815113842
1815113843
1815113844
1815113845
1815113846
1815113847
1815113849
1815113850
1815113859
1815113860
1815113861
1815113862
1815113863
1815113864
1815113877
1815113878
1815113879
1815113881
1815113882
1815113883
1815113892
1815113893
1815113894
1815113895
1815113896
1815113897
1815113898
1815113899
1815113909
1815113911
1815113912
1815113914
1815113915
1815113916
1815113917
1815113918
1815113925
1815113926
1815113927
1815113928
1815113929
1815113930
1815113931
1815113932
1815113944
1815113945
1815113946
1815113947
1815113948
1815113949
1815113959
1815113960
1815113961
1815113962
1815113963
1815113964
1815113976
1815113978
1815113979
1815113980
1815113993
1815113994
1815113995
1815114002
1815114003
1815114008
1815114009
1815114010
1815114011
1815114012
1815114013
1815114014
1815114015
1815114023
1815114024
1815114027
1815114028
1815114030
1815114031
1815114035
1815114036
1815114039
1815114040
1815114041
1815114042
1815114043
1815114051
1815114052
1815114053
1815114054
1815114055
1815114057
1815114061
1815114064
1815114065
1815114067
1815114075
1815114076
1815114077
1815114079
1815114080
1815114081
1815114082
1815114083
1815114084
1815114088
1815114089
1815114090
1815114091
1815114092
1815114099
1815114100
1815114101
1815114102
1815114103
1815114104
1815114112
1815114114
1815114115
1815114117
1815114118
1815114127
1815114128
1815114129
1815114130
1815114131
1815114132
1815114133
1815114134
1815114135
1815114136
1815114145
1815114146
1815114147
1815114156
1815114157
1815114158
1815114159
1815114160
1815114167
1815114168
1815114170
1815114171
1815114177
1815114178
1815114179
1815114180
1815114181
1815114182
1815114183
1815114184
1815114190
1815114191
1815114192
1815114193
1815114194
1815114195
1815114196
1815114197
1815114199
1815114204
1815114205
1815114206
1815114207
1815114208
1815114209
1815114210
1815114211
1815114212
1815114220
1815114221
1815114222
1815114223
1815114224
1815114225
1815114226
1815114228
1815114231
1815114232
1815114235
1815114236
1815114237
1815114238
1815114239
1815114240
1815114241
1815114242
1815114248
1815114251
1815114252
1815114253
1815114254
1815114255
1815114256
1815114271
1815114272
1815114273
1815114274
1815114287
1815114288
1815114289
1815114290
1815114291
1815114295
1815114296
1815114297
1815114298
1815114299
1815114300
1815114301
1815114302
1815114303
1815114304
1815114310
1815114311
1815114312
1815114314
1815114315
1815114322
1815114323
1815114324
1815114325
1815114327
1815114331
1815114332
1815114333
1815114334
1815114335
1815114352
1815114353
1815114354
1815114355
1815114356
1815114357
1815114358
1815114359
1815114360
1815114361
1815114362
1815114363
1815114371
1815114372
1815114374
1815114375
1815114376
1815114377
1815114378
1815114385
1815114386
1815114387
1815114389
1815114390
1815114391
1815114400
1815114401
1815114402
1815114403
1815114414
1815114415
1815114416
1815114417
1815114423
1815114425
1815114426
1815114433
1815114434
1815114435
1815114436
1815114445
1815114446
1815114449
1815114450
1815114462
1815114463
1815114464
1815114465
1815114466
1815114467
1815114468
1815114469
1815114476
1815114477
1815114478
1815114479
1815114480
1815114481
1815114483
1815114485
1815114493
1815114494
1815114495
1815114496
1815114497
1815114499
1815114510
1815114512
1815114513
1815114525
1815114526
1815114527
1815114528
1815114529
1815114530
1815114531
1815114532
1815114533
1815114537
1815114539
1815114540
1815114541
1815114542
1815114543
1815114551
1815114552
1815114559
1815114560
1815114561
1815114563
1815114570
1815114571
1815114572
1815114573
1815114574
1815114577
1815114578
1815114579
1815114581
1815114582
1815114594
1815114595
1815114596
1815114598
1815114599
1815114600
1815114611
1815114612
1815114613
1815114614
1815114615
1815114616
1815114617
1815114621
1815114622
1815114623
1815114628
1815114631
1815114632
1815114633
1815114640
1815114641
1815114642
1815114643
1815114645
1815114646
1815114647
1815114655
1815114666
1815114667
1815114668
1815114669
1815114670
1815114672
1815114673
1815114675
1815114686
1815114687
1815114688
1815114690
1815114691
1815114692
1815114697
1815114698
1815114699
1815114700
1815114701
1815114711
1815114712
1815114713
1815114715
1815114716
1815114717
1815114718
1815114730
1815114731
1815114732
1815114734
1815114735
1815114736
1815114737
1815114738
1815114747
1815114748
1815114751
1815114760
1815114761
1815114762
1815114763
1815114764
1815114765
1815114778
1815114779
1815114780
1815114781
1815114782
1815114783
1815114784
1815114789
1815114790
1815114791
1815114792
1815114798
1815114800
1815114801
1815114802
1815114803
1815114805
1815114810
1815114811
1815114812
1815114813
1815114828
1815114829
1815114830
1815114831
1815114832
1815114844
1815114845
1815114846
1815114848
1815114849
1815114850
1815114852
1815114857
1815114859
1815114861
1815114862
1815114872
1815114873
1815114875
1815114877
1815114889
1815114891
1815114892
1815114893
1815114894
1815114905
1815114906
1815114907
1815114908
1815114909
1815114910
1815114917
1815114919
1815114930
1815114931
1815114932
1815114933
1815114934
1815114944
1815114945
1815114946
1815114947
1815114948
1815114949
1815114950
1815114958
1815114959
1815114960
1815114961
1815114968
1815114969
1815114970
1815114972
1815114973
1815114974
1815114975
1815114976
1815114977
1815114978
1815114985
1815114986
1815114987
1815114988
1815114991
1815114992
1815114993
1815114994
1815114996
1815114997
1815114999
1815115000
1815115007
1815115008
1815115009
1815115010
1815115011
1815115017
1815115019
1815115020
1815115021
1815115022
1815115023
1815115031
1815115032
1815115033
1815115037
1815115038
1815115047
1815115049
1815115051
1815115052
1815115053
1815115054
1815115062
1815115063
1815115064
1815115074
1815115075
1815115087
1815115088
1815115089
1815115100
1815115101
1815115102
1815115103
1815115104
1815115105
1815115106
1815115112
1815115114
1815115115
1815115116
1815115117
1815115126
1815115127
1815115128
1815115129
1815115131
1815115132
1815115140
1815115141
1815115142
1815115144
1815115145
1815115146
1815115147
1815115148
1815115149
1815115157
1815115158
1815115159
1815115160
1815115161
1815115162
1815115163
1815115173
1815115174
1815115175
1815115176
1815115177
1815115183
1815115184
1815115185
1815115186
1815115188
1815115189
1815115199
1815115200
1815115201
1815115202
1815115203
1815115204
1815115205
1815115206
1815115207
1815115214
1815115215
1815115216
1815115217
1815115219
1815115220
1815115221
1815115227
1815115228
1815115229
1815115230
1815115231
1815115232
1815115233
1815115247
1815115248
1815115250
1815115251
1815115266
1815115268
1815115270
1815115271
1815115273
1815115283
1815115284
1815115285
1815115294
1815115295
1815115296
1815115297
1815115298
1815115308
1815115309
1815115318
1815115320
1815115321
1815115322
1815115323
1815115324
1815115335
1815115337
1815115338
1815115339
1815115340
1815115342
1815115353
1815115355
1815115363
1815115364
1815115372
1815115374
1815115375
1815115376
1815115377
1815115378
1815115379
1815115380
1815115386
1815115388
1815115389
1815115390
1815115391
1815115399
1815115400
1815115411
1815115412
1815115413
1815115414
1815115415
1815115416
1815115429
1815115430
1815115432
1815115433
1815115434
1815115435
1815115436
1815115443
1815115444
1815115445
1815115446
1815115447
1815115448
1815115449
1815115457
1815115458
1815115459
1815115460
1815115467
1815115468
1815115469
1815115476
1815115477
1815115478
1815115480
1815115481
1815115492
1815115493
1815115494
1815115497
1815115498
1815115507
1815115508
1815115509
1815115517
1815115518
1815115519
1815115520
1815115522
1815115532
1815115533
1815115535
1815115536
1815115537
1815115543
1815115545
1815115546
1815115547
1815115549
1815115550
1815115565
1815115566
1815115567
1815115576
1815115577
1815115578
1815115582
1815115584
1815115585
1815115592
1815115594
1815115595
1815115596
1815115605
1815115606
1815115607
1815115608
1815115609
1815115610
1815115611
1815115612
1815115615
1815115621
1815115622
1815115624
1815115625
1815115632
1815115634
1815115635
1815115636
1815115637
1815115638
1815115650
1815115652
1815115653
1815115656
1815115657
1815115672
1815115673
1815115675
1815115676
1815115683
1815115684
1815115685
1815115686
1815115688
1815115689
1815115690
1815115691
1815115692
1815115693
1815115695
1815115696
1815115702
1815115703
1815115704
1815115706
1815115707
1815115710
1815115711
1815115712
1815115715
1815115716
1815115717
1815115718
1815115719
1815115721
1815115722
1815115727
1815115728
1815115729
1815115730
1815115731
1815115732
1815115733
1815115735
1815115741
1815115742
1815115743
1815115744
1815115745
1815115746
1815115748
1815115757
1815115758
1815115759
1815115760
1815115761
1815115763
1815115768
1815115769
1815115770
1815115771
1815115772
1815115781
1815115782
1815115783
1815115791
1815115792
1815115793
1815115794
1815115795
1815115797
1815115798
1815115799
1815115801
1815115802
1815115811
1815115812
1815115813
1815115814
1815115815
1815115816
1815115817
1815115818
1815115819
1815115827
1815115828
1815115829
1815115831
1815115839
1815115840
1815115841
1815115849
1815115850
1815115860
1815115861
1815115863
1815115864
1815115873
1815115878
1815115880
1815115881
1815115882
1815115895
1815115896
1815115897
1815115898
1815115899
1815115900
1815115901
1815115902
1815115910
1815115911
1815115912
1815115913
1815115914
1815115915
1815115916
1815115925
1815115926
1815115927
1815115928
1815115929
1815115930
1815115931
1815115932
1815115933
1815115934
1815115939
1815115940
1815115941
1815115942
1815115943
1815115944
1815115954
1815115955
1815115956
1815115957
1815115958
1815115959
1815115960
1815115961
1815115969
1815115970
1815115971
1815115972
1815115973
1815115974
1815115978
1815115979
1815115980
1815115981
1815115982
1815115990
1815115991
1815115992
1815115993
1815116001
1815116002
1815116003
1815116004
1815116005
1815116006
1815116015
1815116016
1815116017
1815116018
1815116019
1815116020
1815116031
1815116032
1815116033
1815116043
1815116044
1815116046
1815116047
1815116049
1815116050
1815116051
1815116052
1815116053
1815116061
1815116062
1815116063
1815116065
1815116066
1815116067
1815116085
1815116086
1815116087
1815116088
1815116089
1815116098
1815116101
1815116104
1815116109
1815116110
1815116111
1815116112
1815116122
1815116123
1815116124
1815116125
1815116126
1815116127
1815116128
1815116129
1815116130
1815116131
1815116136
1815116137
1815116138
1815116139
1815116140
1815116141
1815116142
1815116143
1815116151
1815116152
1815116153
1815116154
1815116155
1815116156
1815116157
1815116164
1815116165
1815116166
1815116167
1815116168
1815116179
1815116180
1815116181
1815116189
1815116190
1815116192
1815116201
1815116202
1815116203
1815116204
1815116206
1815116207
1815116208
1815116221
1815116222
1815116223
1815116224
1815116225
1815116226
1815116236
1815116237
1815116238
1815116246
1815116247
1815116248
1815116249
1815116250
1815116251
1815116252
1815116260
1815116261
1815116262
1815116271
1815116272
1815116273
1815116274
1815116275
1815116285
1815116286
1815116287
1815116289
1815116290
1815116291
1815116292
1815116293
1815116294
1815116295
1815116296
1815116302
1815116303
1815116304
1815116305
1815116306
1815116307
1815116312
1815116313
1815116321
1815116323
1815116324
1815116325
1815116338
1815116339
1815116340
1815116341
1815116343
1815116347
1815116348
1815116349
1815116350
1815116351
1815116359
1815116360
1815116361
1815116362
1815116363
1815116364
1815116365
1815116366
1815116367
1815116368
1815116369
1815116376
1815116377
1815116378
1815116379
1815116380
1815116381
1815116382
1815116384
1815116392
1815116393
1815116394
1815116395
1815116396
1815116397
1815116398
1815116399
1815116405
1815116406
1815116407
1815116408
1815116409
1815116410
1815116418
1815116419
1815116420
1815116421
1815116422
1815116424
1815116425
1815116429
1815116443
1815116444
1815116445
1815116446
1815116447
1815116448
1815116450
1815116451
1815116452
1815116453
1815116460
1815116461
1815116469
1815116470
1815116471
1815116472
1815116473
1815116482
1815116483
1815116484
1815116485
1815116486
1815116487
1815116494
1815116495
1815116496
1815116497
1815116498
1815116499
1815116500
1815116506
1815116507
1815116508
1815116509
1815116510
1815116511
1815116512
1815116522
1815116524
1815116544
1815116545
1815116547
1815116548
1815116559
1815116560
1815116562
1815116563
1815116564
1815116565
1815116572
1815116574
1815116578
1815116579
1815116582
1815116583
1815116584
1815116586
1815116595
1815116596
1815116599
1815116602
1815116609
1815116610
1815116611
1815116612
1815116618
1815116619
1815116620
1815116621
1815116626
1815116627
1815116628
1815116629
1815116630
1815116631
1815116633
1815116635
1815116644
1815116645
1815116651
1815116652
1815116654
1815116658
1815116660
1815116661
1815116662
1815116663
1815116664
1815116665
1815116666
1815116673
1815116674
1815116675
1815116676
1815116678
1815116691
1815116692
1815116694
1815116699
1815116700
1815116705
1815116706
1815116707
1815116708
1815116718
1815116719
1815116720
1815116721
1815116722
1815116723
1815116728
1815116729
1815116730
1815116731
1815116732
1815116739
1815116740
1815116745
1815116746
1815116747
1815116748
1815116749
1815116758
1815116759
1815116760
1815116761
1815116762
1815116763
1815116765
1815116766
1815116771
1815116772
1815116773
1815116774
1815116775
1815116776
1815116777
1815116785
1815116786
1815116787
1815116788
1815116789
1815116797
1815116798
1815116799
1815116802
1815116803
1815116804
1815116813
1815116814
1815116815
1815116816
1815116817
1815116818
1815116819
1815116826
1815116827
1815116828
1815116829
1815116830
1815116841
1815116842
1815116843
1815116850
1815116851
1815116852
1815116853
1815116854
1815116855
1815116856
1815116857
1815116858
1815116867
1815116868
1815116869
1815116870
1815116871
1815116873
1815116882
1815116883
1815116884
1815116886
1815116887
1815116888
1815116889
1815116890
1815116892
1815116893
1815116894
1815116904
1815116905
1815116912
1815116913
1815116914
1815116915
1815116916
1815116917
1815116918
1815116919
1815116920
1815116921
1815116928
1815116929
1815116930
1815116932
1815116933
1815116934
1815116935
1815116940
1815116941
1815116942
1815116944
1815116949
1815116950
1815116951
1815116956
1815116957
1815116958
1815116959
1815116960
1815116970
1815116971
1815116972
1815116973
1815116974
1815116975
1815116976
1815116977
1815116988
1815116990
1815116991
1815116992
1815116993
1815117006
1815117007
1815117009
1815117010
1815117011
1815117013
1815117014
1815117015
1815117025
1815117026
1815117027
1815117028
1815117029
1815117030
1815117031
1815117032
1815117033
1815117034
1815117035
1815117036
1815117037
1815117045
1815117046
1815117047
1815117048
1815117049
1815117051
1815117052
1815117053
1815117054
1815117055
1815117062
1815117070
1815117071
1815117072
1815117073
1815117074
1815117075
1815117076
1815117085
1815117087
1815117088
1815117089
1815117091
1815117100
1815117101
1815117102
1815117104
1815117106
1815117107
1815117108
1815117118
1815117119
1815117120
1815117121
1815117122
1815117124
1815117125
1815117126
1815117129
1815117130
1815117131
1815117132
1815117137
1815117138
1815117139
1815117140
1815117141
1815117142
1815117152
1815117154
1815117155
1815117156
1815117157
1815117159
1815117160
1815117161
1815117169
1815117170
1815117173
1815117174
1815117181
1815117182
1815117191
1815117192
1815117193
1815117195
1815117202
1815117203
1815117204
1815117205
1815117206
1815117214
1815117216
1815117217
1815117218
1815117219
1815117227
1815117228
1815117229
1815117230
1815117235
1815117236
1815117237
1815117238
1815117240
1815117241
1815117249
1815117250
1815117258
1815117259
1815117265
1815117266
1815117268
1815117269
1815117270
1815117271
1815117280
1815117281
1815117282
1815117285
1815117296
1815117297
1815117298
1815117299
1815117301
1815117302
1815117304
1815117305
1815117306
1815117315
1815117316
1815117317
1815117319
1815117320
1815117321
1815117322
1815117323
1815117324
1815117325
1815117327
1815117328
1815117337
1815117338
1815117339
1815117340
1815117347
1815117348
1815117349
1815117350
1815117351
1815117352
1815117358
1815117359
1815117361
1815117362
1815117363
1815117364
1815117365
1815117373
1815117374
1815117375
1815117376
1815117377
1815117378
1815117379
1815117380
1815117381
1815117382
1815117393
1815117394
1815117395
1815117397
1815117398
1815117400
1815117408
1815117409
1815117410
1815117424
1815117425
1815117427
1815117434
1815117435
1815117436
1815117437
1815117439
1815117440
1815117441
1815117442
1815117443
1815117444
1815117449
1815117450
1815117451
1815117452
1815117460
1815117461
1815117462
1815117463
1815117467
1815117469
1815117471
1815117472
1815117473
1815117475
1815117485
1815117486
1815117487
1815117489
1815117490
1815117495
1815117496
1815117497
1815117498
1815117500
1815117501
1815117503
1815117508
1815117509
1815117517
1815117520
1815117523
1815117524
1815117525
1815117527
1815117530
1815117531
1815117532
1815117533
1815117534
1815117538
1815117539
1815117540
1815117541
1815117542
1815117543
1815117544
1815117545
1815117546
1815117551
1815117552
1815117565
1815117566
1815117567
1815117568
1815117569
1815117570
1815117579
1815117580
1815117582
1815117583
1815117584
1815117592
1815117593
1815117594
1815117606
1815117608
1815117609
1815117610
1815117616
1815117619
1815117620
1815117621
1815117622
1815117623
1815117624
1815117625
1815117631
1815117632
1815117633
1815117634
1815117635
1815117636
1815117641
1815117642
1815117643
1815117651
1815117652
1815117653
1815117654
1815117655
1815117656
1815117657
1815117659
1815117667
1815117668
1815117669
1815117670
1815117684
1815117685
1815117686
1815117687
1815117688
1815117689
1815117690
1815117692
1815117693
1815117700
1815117701
1815117702
1815117704
1815117705
1815117706
1815117707
1815117708
1815117715
1815117716
1815117717
1815117718
1815117724
1815117725
1815117726
1815117728
1815117738
1815117739
1815117740
1815117741
1815117742
1815117743
1815117744
1815117752
1815117753
1815117754
1815117755
1815117756
1815117757
1815117758
1815117759
1815117763
1815117764
1815117766
1815117768
1815117775
1815117776
1815117779
1815117780
1815117781
1815117782
1815117791
1815117793
1815117794
1815117795
1815117797
1815117798
1815117807
1815117808
1815117809
1815117812
1815117817
1815117819
1815117823
1815117830
1815117831
1815117832
1815117833
1815117834
1815117835
1815117836
1815117845
1815117846
1815117847
1815117855
1815117856
1815117859
1815117860
1815117861
1815117862
1815117866
1815117868
1815117869
1815117871
1815117880
1815117881
1815117882
1815117883
1815117894
1815117895
1815117896
1815117897
1815117898
1815117899
1815117901
1815117902
1815117903
1815117904
1815117911
1815117912
1815117913
1815117914
1815117915
1815117916
1815117917
1815117918
1815117919
1815117929
1815117931
1815117933
1815117934
1815117940
1815117941
1815117942
1815117943
1815117944
1815117945
1815117946
1815117947
1815117948
1815117958
1815117959
1815117967
1815117968
1815117969
1815117970
1815117971
1815117977
1815117978
1815117979
1815117980
1815117982
1815117983
1815117984
1815117992
1815117993
1815117994
1815117996
1815118002
1815118003
1815118004
1815118005
1815118007
1815118008
1815118010
1815118021
1815118022
1815118027
1815118028
1815118029
1815118035
1815118036
1815118037
1815118038
1815118045
1815118046
1815118048
1815118049
1815118050
1815118051
1815118059
1815118060
1815118061
1815118062
1815118063
1815118064
1815118065
1815118067
1815118068
1815118074
1815118075
1815118076
1815118077
1815118079
1815118080
1815118091
1815118092
1815118100
1815118101
1815118103
1815118104
1815118106
1815118115
1815118123
1815118124
1815118125
1815118126
1815118127
1815118128
1815118136
1815118138
1815118139
1815118140
1815118141
1815118142
1815118151
1815118152
1815118153
1815118155
1815118157
1815118158
1815118165
1815118166
1815118167
1815118168
1815118169
1815118181
1815118182
1815118183
1815118184
1815118185
1815118186
1815118187
1815118194
1815118195
1815118203
1815118204
1815118205
1815118209
1815118211
1815118217
1815118218
1815118220
1815118221
1815118222
1815118223
1815118234
1815118235
1815118236
1815118237
1815118238
1815118246
1815118247
1815118248
1815118249
1815118250
1815118251
1815118255
1815118256
1815118257
1815118258
1815118264
1815118265
1815118266
1815118267
1815118268
1815118269
1815118270
1815118271
1815118277
1815118279
1815118280
1815118289
1815118290
1815118291
1815118292
1815118293
1815118300
1815118301
1815118302
1815118303
1815118304
1815118305
1815118308
1815118309
1815118314
1815118316
1815118317
1815118322
1815118323
1815118324
1815118325
1815118326
1815118327
1815118328
1815118330
1815118331
1815118333
1815118334
1815118338
1815118341
1815118342
1815118343
1815118345
1815118350
1815118351
1815118352
1815118353
1815118354
1815118355
1815118356
1815118357
1815118366
1815118367
1815118368
1815118370
1815118372
1815118373
1815118380
1815118381
1815118382
1815118383
1815118384
1815118385
1815118386
1815118387
1815118388
1815118389
1815118393
1815118394
1815118396
1815118397
1815118406
1815118407
1815118409
1815118410
1815118411
1815118413
1815118414
1815118415
1815118425
1815118426
1815118427
1815118428
1815118429
1815118430
1815118431
1815118432
1815118439
1815118440
1815118441
1815118443
1815118444
1815118445
1815118446
1815118447
1815118451
1815118452
1815118453
1815118454
1815118460
1815118462
1815118463
1815118466
1815118467
1815118468
1815118469
1815118470
1815118471
1815118472
1815118480
1815118481
1815118482
1815118483
1815118484
1815118485
1815118486
1815118487
1815118494
1815118495
1815118497
1815118498
1815118499
1815118500
1815118501
1815118502
1815118503
1815118510
1815118511
1815118512
1815118523
1815118524
1815118525
1815118532
1815118533
1815118534
1815118535
1815118536
1815118545
1815118546
1815118547
1815118548
1815118549
1815118550
1815118558
1815118559
1815118560
1815118562
1815118563
1815118564
1815118578
1815118579
1815118580
1815118581
1815118585
1815118586
1815118587
1815118588
1815118589
1815118590
1815118591
1815118592
1815118600
1815118601
1815118602
1815118603
1815118604
1815118611
1815118612
1815118613
1815118620
1815118621
1815118622
1815118623
1815118625
1815118626
1815118627
1815118629
1815118632
1815118633
1815118634
1815118635
1815118637
1815118638
1815118639
1815118646
1815118647
1815118650
1815118658
1815118659
1815118660
1815118661
1815118663
1815118665
1815118666
1815118675
1815118676
1815118677
1815118678
1815118679
1815118680
1815118681
1815118682
1815118690
1815118691
1815118692
1815118693
1815118694
1815118697
1815118705
1815118706
1815118707
1815118710
1815118719
1815118720
1815118721
1815118722
1815118742
1815118744
1815118745
1815118754
1815118755
1815118756
1815118757
1815118758
1815118759
1815118768
1815118770
1815118772
1815118773
1815118783
1815118784
1815118785
1815118786
1815118787
1815118788
1815118789
1815118797
1815118799
1815118800
1815118801
1815118802
1815118813
1815118814
1815118821
1815118822
1815118823
1815118824
1815118833
1815118834
1815118835
1815118836
1815118838
1815118843
1815118844
1815118854
1815118855
1815118856
1815118857
1815118858
1815118859
1815118869
1815118870
1815118879
1815118880
1815118881
1815118882
1815118883
1815118892
1815118893
1815118894
1815118895
1815118897
1815118902
1815118903
1815118904
1815118905
1815118906
1815118910
1815118911
1815118918
1815118919
1815118921
1815118922
1815118924
1815118928
1815118929
1815118930
1815118939
1815118943
1815118944
1815118945
1815118946
1815118948
1815118949
1815118950
1815118952
1815118959
1815118960
1815118961
1815118962
1815118963
1815118964
1815118965
1815118978
1815118979
1815118980
1815118982
1815118983
1815118984
1815118997
1815118998
1815118999
1815119000
1815119001
1815119002
1815119003
1815119004
1815119006
1815119012
1815119014
1815119015
1815119017
1815119031
1815119033
1815119034
1815119035
1815119036
1815119044
1815119045
1815119047
1815119048
1815119049
1815119062
1815119063
1815119064
1815119065
1815119066
1815119071
1815119073
1815119074
1815119075
1815119085
1815119086
1815119087
1815119089
1815119097
1815119099
1815119100
1815119101
1815119107
1815119108
1815119109
1815119117
1815119118
1815119119
1815119127
1815119129
1815119137
1815119139
1815119140
1815119141
1815119148
1815119149
1815119150
1815119152
1815119153
1815119155
1815119165
1815119173
1815119174
1815119175
1815119177
1815119179
1815119188
1815119189
1815119190
1815119191
1815119203
1815119204
1815119213
1815119224
1815119225
1815119226
1815119227
1815119233
1815119234
1815119242
1815119244
1815119245
1815119246
1815119247
1815119248
1815119255
1815119256
1815119257
1815119258
1815119259
1815119260
1815119268
1815119269
1815119271
1815119284
1815119285
1815119286
1815119288
1815119298
1815119299
1815119300
1815119301
1815119302
1815119303
1815119304
1815119314
1815119316
1815119325
1815119331
1815119332
1815119333
1815119334
1815119335
1815119336
1815119337
1815119343
1815119344
1815119345
1815119357
1815119358
1815119362
1815119376
1815119377
1815119378
1815119379
1815119390
1815119391
1815119392
1815119393
1815119394
1815119396
1815119398
1815119399
1815119400
1815119401
1815119409
1815119411
1815119416
1815119417
1815119418
1815119419
1815119420
1815119421
1815119422
1815119424
1815119448
1815119449
1815119451
1815119452
1815119453
1815119454
1815119455
1815119456
1815119457
1815119464
1815119465
1815119466
1815119468
1815119469
1815119470
1815119471
1815119479
1815119482
1815119483
1815119484
1815119494
1815119496
1815119497
1815119498
1815119499
1815119501
1815119506
1815119507
1815119508
1815119509
1815119510
1815119511
1815119512
1815119515
1815119517
1815119526
1815119527
1815119528
1815119529
1815119530
1815119531
1815119532
1815119533
1815119534
1815119535
1815119549
1815119550
1815119551
1815119562
1815119563
1815119564
1815119565
1815119581
1815119582
1815119583
1815119584
1815119585
1815119587
1815119588
1815119590
1815119591
1815119593
1815119600
1815119601
1815119602
1815119603
1815119604
1815119605
1815119606
1815119607
1815119608
1815119619
1815119620
1815119621
1815119623
1815119624
1815119625
1815119626
1815119627
1815119633
1815119634
1815119635
1815119636
1815119637
1815119638
1815119644
1815119645
1815119646
1815119647
1815119649
1815119652
1815119653
1815119654
1815119655
1815119656
1815119657
1815119663
1815119675
1815119676
1815119678
1815119679
1815119680
1815119681
1815119682
1815119683
1815119684
1815119685
1815119694
1815119695
1815119696
1815119697
1815119698
1815119699
1815119705
1815119706
1815119708
1815119709
1815119710
1815119711
1815119712
1815119713
1815119719
1815119720
1815119721
1815119722
1815119728
1815119729
1815119740
1815119741
1815119742
1815119744
1815119745
1815119756
1815119757
1815119758
1815119760
1815119761
1815119762
1815119763
1815119772
1815119773
1815119775
1815119776
1815119783
1815119785
1815119786
1815119793
1815119806
1815119807
1815119808
1815119809
1815119810
1815119811
1815119819
1815119820
1815119822
1815119828
1815119829
1815119830
1815119831
1815119832
1815119833
1815119841
1815119842
1815119843
1815119845
1815119850
1815119852
1815119853
1815119855
1815119861
1815119862
1815119863
1815119864
1815119865
1815119866
1815119867
1815119868
1815119875
1815119876
1815119877
1815119878
1815119879
1815119880
1815119882
1815119883
1815119884
1815119885
1815119887
1815119888
1815119889
1815119891
1815119892
1815119893
1815119899
1815119900
1815119901
1815119902
1815119903
1815119912
1815119913
1815119914
1815119915
1815119916
1815119917
1815119918
1815119919
1815119920
1815119926
1815119927
1815119928
1815119929
1815119941
1815119943
1815119944
1815119945
1815119946
1815119947
1815119957
1815119958
1815119960
1815119965
1815119967
1815119968
1815119969
1815119970
1815119976
1815119977
1815119978
1815119979
1815119980
1815119981
1815119996
1815119997
1815119998
1815119999
1815120000
1815120001
1815120005
1815120006
1815120007
1815120008
1815120010
1815120011
1815120014
1815120015
1815120016
1815120017
1815120029
1815120030
1815120031
1815120032
1815120033
1815120040
1815120042
1815120043
1815120044
1815120045
1815120053
1815120054
1815120062
1815120063
1815120065
1815120066
1815120077
1815120078
1815120080
1815120081
1815120082
1815120090
1815120091
1815120092
1815120093
1815120094
1815120096
1815120100
1815120102
1815120104
1815120105
1815120106
1815120107
1815120108
1815120109
1815120111
1815120118
1815120119
1815120120
1815120121
1815120122
1815120129
1815120130
1815120131
1815120132
1815120133
1815120134
1815120140
1815120141
1815120142
1815120149
1815120159
1815120160
1815120161
1815120162
1815120163
1815120164
1815120165
1815120166
1815120168
1815120172
1815120174
1815120175
1815120176
1815120184
1815120185
1815120186
1815120187
1815120189
1815120190
1815120196
1815120202
1815120203
1815120208
1815120209
1815120210
1815120211
1815120212
1815120213
1815120215
1815120223
1815120224
1815120225
1815120235
1815120236
1815120237
1815120239
1815120240
1815120241
1815120242
1815120252
1815120253
1815120255
1815120257
1815120258
1815120259
1815120268
1815120269
1815120270
1815120271
1815120272
1815120273
1815120274
1815120275
1815120288
1815120289
1815120290
1815120291
1815120292
1815120293
1815120294
1815120301
1815120303
1815120304
1815120305
1815120306
1815120316
1815120317
1815120318
1815120319
1815120321
1815120322
1815120323
1815120324
1815120325
1815120334
1815120335
1815120336
1815120337
1815120338
1815120339
1815120340
1815120346
1815120347
1815120348
1815120358
1815120360
1815120361
1815120374
1815120376
1815120378
1815120379
1815120384
1815120385
1815120386
1815120388
1815120389
1815120390
1815120399
1815120402
1815120403
1815120406
1815120416
1815120417
1815120418
1815120420
1815120422
1815120423
1815120424
1815120429
1815120430
1815120431
1815120432
1815120433
1815120434
1815120435
1815120443
1815120445
1815120447
1815120448
1815120449
1815120450
1815120451
1815120452
1815120462
1815120463
1815120467
1815120468
1815120473
1815120474
1815120475
1815120476
1815120483
1815120484
1815120487
1815120489
1815120490
1815120491
1815120492
1815120493
1815120501
1815120502
1815120506
1815120513
1815120514
1815120515
1815120516
1815120524
1815120525
1815120526
1815120527
1815120528
1815120529
1815120535
1815120536
1815120537
1815120539
1815120540
1815120541
1815120543
1815120551
1815120552
1815120553
1815120563
1815120564
1815120566
1815120575
1815120576
1815120578
1815120586
1815120589
1815120590
1815120595
1815120596
1815120597
1815120598
1815120610
1815120611
1815120612
1815120613
1815120615
1815120622
1815120623
1815120624
1815120625
1815120632
1815120633
1815120634
1815120635
1815120636
1815120643
1815120645
1815120646
1815120648
1815120653
1815120654
1815120655
1815120661
1815120667
1815120668
1815120670
1815120672
1815120673
1815120680
1815120681
1815120682
1815120683
1815120684
1815120685
1815120686
1815120687
1815120688
1815120696
1815120698
1815120704
1815120705
1815120707
1815120708
1815120709
1815120718
1815120719
1815120720
1815120721
1815120722
1815120728
1815120729
1815120731
1815120732
1815120739
1815120740
1815120741
1815120742
1815120753
1815120754
1815120755
1815120766
1815120768
1815120769
1815120770
1815120771
1815120779
1815120780
1815120781
1815120783
1815120784
1815120793
1815120794
1815120804
1815120805
1815120806
1815120809
1815120817
1815120818
1815120819
1815120820
1815120821
1815120832
1815120833
1815120837
1815120838
1815120839
1815120840
1815120847
1815120848
1815120849
1815120850
1815120851
1815120853
1815120861
1815120862
1815120864
1815120865
1815120866
1815120867
1815120868
1815120870
1815120881
1815120882
1815120883
1815120884
1815120885
1815120886
1815120887
1815120897
1815120898
1815120910
1815120911
1815120912
1815120913
1815120914
1815120915
1815120916
1815120921
1815120922
1815120923
1815120929
1815120930
1815120931
1815120932
1815120939
1815120940
1815120941
1815120942
1815120943
1815120944
1815120945
1815120947
1815120948
1815120949
1815120958
1815120959
1815120960
1815120961
1815120962
1815120963
1815120967
1815120968
1815120969
1815120971
1815120972
1815120973
1815120974
1815120981
1815120982
1815120983
1815120984
1815120985
1815120994
1815120995
1815120996
1815120997
1815120998
1815120999
1815121000
1815121001
1815121002
1815121003
1815121006
1815121014
1815121016
1815121017
1815121018
1815121029
1815121030
1815121031
1815121039
1815121041
1815121042
1815121043
1815121044
1815121045
1815121052
1815121054
1815121055
1815121056
1815121064
1815121065
1815121066
1815121067
1815121068
1815121070
1815121071
1815121072
1815121078
1815121079
1815121080
1815121089
1815121090
1815121091
1815121092
1815121093
1815121094
1815121095
1815121106
1815121107
1815121119
1815121120
1815121121
1815121122
1815121128
1815121129
1815121131
1815121132
1815121133
1815121134
1815121135
1815121148
1815121149
1815121150
1815121164
1815121165
1815121167
1815121172
1815121173
1815121174
1815121175
1815121186
1815121187
1815121188
1815121190
1815121191
1815121192
1815121196
1815121197
1815121198
1815121199
1815121200
1815121213
1815121214
1815121215
1815121216
1815121223
1815121224
1815121225
1815121226
1815121233
1815121234
1815121235
1815121236
1815121237
1815121246
1815121248
1815121249
1815121250
1815121258
1815121259
1815121260
1815121261
1815121262
1815121263
1815121274
1815121276
1815121277
1815121278
1815121283
1815121284
1815121286
1815121287
1815121288
1815121294
1815121295
1815121296
1815121297
1815121298
1815121299
1815121305
1815121306
1815121307
1815121308
1815121314
1815121315
1815121316
1815121318
1815121319
1815121328
1815121329
1815121330
1815121331
1815121337
1815121338
1815121339
1815121340
1815121341
1815121343
1815121344
1815121346
1815121356
1815121357
1815121358
1815121359
1815121360
1815121370
1815121371
1815121372
1815121374
1815121375
1815121376
1815121381
1815121382
1815121388
1815121389
1815121390
1815121391
1815121401
1815121402
1815121403
1815121404
1815121413
1815121414
1815121415
1815121416
1815121417
1815121418
1815121425
1815121428
1815121429
1815121431
1815121432
1815121433
1815121434
1815121435
1815121436
1815121437
1815121444
1815121445
1815121446
1815121457
1815121458
1815121459
1815121460
1815121461
1815121462
1815121463
1815121464
1815121465
1815121469
1815121470
1815121471
1815121480
1815121481
1815121482
1815121494
1815121496
1815121497
1815121498
1815121499
1815121500
1815121508
1815121509
1815121510
1815121511
1815121512
1815121513
1815121514
1815121515
1815121516
1815121525
1815121530
1815121531
1815121532
1815121536
1815121537
1815121538
1815121539
1815121540
1815121541
1815121542
1815121543
1815121544
1815121550
1815121551
1815121552
1815121553
1815121554
1815121555
1815121556
1815121561
1815121562
1815121564
1815121565
1815121566
1815121567
1815121569
1815121570
1815121576
1815121577
1815121580
1815121583
1815121587
1815121588
1815121589
1815121590
1815121591
1815121592
1815121593
1815121594
1815121596
1815121603
1815121604
1815121606
1815121607
1815121610
1815121613
1815121614
1815121615
1815121616
1815121617
1815121618
1815121619
1815121620
1815121623
1815121624
1815121625
1815121626
1815121627
1815121628
1815121637
1815121638
1815121639
1815121640
1815121642
1815121651
1815121652
1815121653
1815121654
1815121655
1815121656
1815121658
1815121659
1815121660
1815121668
1815121669
1815121670
1815121671
1815121672
1815121673
1815121674
1815121676
1815121689
1815121690
1815121691
1815121692
1815121693
1815121694
1815121708
1815121709
1815121713
1815121714
1815121715
1815121724
1815121725
1815121727
1815121735
1815121736
1815121737
1815121747
1815121748
1815121749
1815121750
1815121751
1815121753
1815121754
1815121755
1815121762
1815121763
1815121764
1815121765
1815121766
1815121767
1815121769
1815121771
1815121772
1815121773
1815121779
1815121780
1815121781
1815121782
1815121783
1815121784
1815121796
1815121797
1815121798
1815121799
1815121800
1815121801
1815121802
1815121803
1815121809
1815121810
1815121811
1815121812
1815121813
1815121814
1815121815
1815121827
1815121828
1815121829
1815121830
1815121831
1815121832
1815121833
1815121842
1815121843
1815121844
1815121846
