6 1.000000
15 1.000000
25 0.933333
23 0.888889
103 0.875000
7 0.857143
108 0.833333
99 0.818182
101 0.800000
55 0.800000
37 0.800000
18 0.791667
39 0.777778
17 0.777778
20 0.777778
100 0.769231
28 0.750000
61 0.750000
58 0.750000
12 0.750000
91 0.750000
78 0.730769
77 0.727273
40 0.727273
72 0.727273
16 0.727273
85 0.725490
8 0.722222
63 0.714286
74 0.714286
57 0.714286
107 0.705882
79 0.705882
90 0.700000
43 0.700000
42 0.687500
11 0.681818
65 0.681818
102 0.666667
19 0.666667
51 0.666667
69 0.666667
97 0.666667
13 0.666667
48 0.666667
33 0.657143
98 0.653846
68 0.652174
44 0.647059
64 0.638889
35 0.636364
106 0.636364
22 0.636364
109 0.631579
0 0.630137
41 0.628571
73 0.625000
52 0.625000
50 0.625000
34 0.625000
105 0.622642
76 0.619048
87 0.619048
32 0.619048
59 0.615385
3 0.604651
84 0.600000
14 0.600000
4 0.600000
88 0.600000
95 0.600000
38 0.583333
1 0.583333
27 0.578947
82 0.575758
53 0.571429
26 0.571429
93 0.571429
49 0.571429
96 0.565217
46 0.555556
89 0.555556
60 0.555556
21 0.545455
71 0.545455
81 0.538462
9 0.518519
5 0.500000
104 0.500000
83 0.500000
2 0.500000
54 0.500000
31 0.500000
29 0.500000
66 0.500000
47 0.500000
86 0.500000
24 0.500000
75 0.500000
10 0.500000
70 0.473684
45 0.466667
80 0.466667
56 0.428571
94 0.428571
92 0.428571
36 0.333333
67 0.250000
30 0.125000
62 0.000000
