102 1.000000
12 1.000000
62 0.800000
14 0.750000
58 0.714286
21 0.666667
39 0.666667
69 0.666667
25 0.600000
109 0.588235
51 0.583333
0 0.583333
66 0.571429
37 0.571429
78 0.571429
99 0.555556
97 0.555556
43 0.555556
11 0.555556
76 0.535714
42 0.535714
83 0.529412
86 0.500000
47 0.500000
24 0.500000
104 0.500000
77 0.500000
17 0.500000
3 0.500000
10 0.500000
94 0.500000
100 0.500000
15 0.500000
18 0.483871
72 0.468750
73 0.458333
93 0.454545
91 0.454545
68 0.435484
13 0.428571
5 0.428571
96 0.421053
92 0.416667
87 0.411765
22 0.400000
95 0.400000
103 0.400000
44 0.400000
26 0.400000
50 0.400000
27 0.394737
81 0.391304
60 0.388889
48 0.384615
101 0.384615
1 0.380615
16 0.375000
90 0.375000
67 0.363636
70 0.363636
84 0.357143
64 0.357143
34 0.352941
105 0.350000
8 0.340000
85 0.340000
65 0.333333
23 0.333333
31 0.333333
41 0.333333
20 0.333333
107 0.333333
89 0.333333
28 0.333333
40 0.333333
98 0.333333
32 0.333333
38 0.318182
35 0.315789
53 0.307692
19 0.307692
29 0.304348
82 0.300000
59 0.300000
79 0.285714
57 0.285714
9 0.280000
33 0.277778
56 0.272727
108 0.263158
4 0.250000
2 0.250000
46 0.222222
74 0.222222
80 0.210526
61 0.200000
49 0.200000
75 0.166667
7 0.166667
63 0.166667
45 0.166667
54 0.142857
106 0.142857
55 0.142857
88 0.133333
30 0.125000
36 0.000000
71 0.000000
6 0.000000
52 0.000000
