6 1.000000
102 1.000000
62 1.000000
28 1.000000
93 1.000000
94 0.833333
21 0.833333
23 0.800000
10 0.800000
25 0.785714
44 0.777778
7 0.750000
52 0.750000
49 0.750000
54 0.750000
83 0.714286
71 0.714286
20 0.700000
85 0.697674
108 0.681818
72 0.681818
27 0.676471
80 0.666667
24 0.666667
5 0.666667
87 0.666667
69 0.666667
47 0.666667
42 0.666667
109 0.647059
17 0.642857
97 0.642857
73 0.642857
76 0.638889
38 0.636364
57 0.615385
107 0.615385
34 0.611111
29 0.611111
100 0.600000
101 0.600000
65 0.592593
18 0.583333
51 0.583333
68 0.581395
8 0.578947
26 0.571429
105 0.568182
32 0.565217
78 0.562500
33 0.555556
86 0.555556
74 0.545455
61 0.545455
14 0.545455
96 0.541667
2 0.540541
98 0.533333
91 0.529412
88 0.518519
64 0.518519
48 0.500000
13 0.500000
99 0.500000
103 0.500000
84 0.500000
75 0.500000
89 0.500000
39 0.500000
53 0.500000
35 0.500000
0 0.500000
56 0.500000
9 0.476190
3 0.475000
11 0.454545
77 0.444444
90 0.444444
16 0.444444
45 0.435897
41 0.433333
31 0.428571
60 0.428571
81 0.428571
79 0.428571
70 0.416667
19 0.400000
95 0.400000
58 0.375000
104 0.357143
50 0.357143
63 0.333333
30 0.333333
4 0.315789
67 0.285714
22 0.285714
46 0.272727
37 0.250000
1 0.250000
82 0.250000
92 0.166667
106 0.100000
40 0.083333
36 0.000000
43 0.000000
12 0.000000
15 0.000000
59 0.000000
66 0.000000
55 0.000000
