83 0.812500
6 0.733333
40 0.700000
77 0.681818
94 0.681818
17 0.656250
0 0.604651
58 0.600000
61 0.593220
97 0.581818
72 0.578947
95 0.576923
42 0.576577
10 0.571429
98 0.568627
96 0.560000
19 0.558824
85 0.555556
87 0.552381
57 0.551724
12 0.550000
107 0.539326
106 0.538462
49 0.533333
74 0.531250
64 0.529412
5 0.529412
93 0.526316
109 0.525000
9 0.523364
18 0.522523
27 0.518717
43 0.516129
20 0.514706
50 0.508197
78 0.504587
8 0.503030
63 0.500000
55 0.500000
33 0.500000
46 0.500000
1 0.500000
69 0.500000
68 0.486364
104 0.484848
37 0.482759
53 0.481928
108 0.480769
3 0.477987
34 0.476923
2 0.475000
99 0.473684
26 0.473684
39 0.472222
60 0.469388
84 0.468750
66 0.466667
31 0.465116
100 0.461538
79 0.459459
91 0.454545
59 0.444444
47 0.444444
80 0.444444
81 0.436364
88 0.434783
76 0.429530
45 0.429412
21 0.428571
22 0.428571
102 0.428571
103 0.428571
48 0.428571
29 0.425926
92 0.425532
13 0.424242
67 0.424242
38 0.421875
44 0.419355
11 0.418605
4 0.416667
65 0.410256
105 0.409639
56 0.409091
86 0.406250
62 0.400000
54 0.400000
7 0.400000
41 0.393617
24 0.391304
35 0.390000
73 0.385417
101 0.384615
23 0.382353
75 0.380952
70 0.372727
32 0.371429
89 0.352941
14 0.343750
82 0.333333
71 0.333333
25 0.325581
90 0.312500
51 0.307692
16 0.260870
28 0.250000
15 0.250000
52 0.222222
30 0.181818
36 0.166667
