94 0.857143
28 0.750000
103 0.714286
31 0.692308
80 0.656250
61 0.656250
20 0.606061
26 0.600000
0 0.600000
37 0.583333
84 0.583333
86 0.571429
6 0.571429
65 0.557692
98 0.551020
95 0.545455
62 0.545455
92 0.541667
106 0.533333
8 0.516393
109 0.512821
107 0.509091
23 0.500000
16 0.500000
99 0.500000
87 0.500000
69 0.500000
75 0.500000
18 0.500000
72 0.500000
60 0.500000
17 0.500000
108 0.483871
57 0.479167
58 0.473684
81 0.471698
64 0.469880
67 0.466667
42 0.466667
78 0.466667
9 0.462963
52 0.461538
24 0.461538
25 0.454545
48 0.448276
76 0.447761
89 0.444444
85 0.444444
4 0.438639
105 0.438202
43 0.437500
50 0.434783
27 0.434211
63 0.428571
39 0.428571
88 0.423077
79 0.423077
19 0.416667
3 0.416667
45 0.413043
41 0.413043
56 0.411765
77 0.411765
11 0.407407
68 0.401961
96 0.400000
10 0.400000
100 0.400000
46 0.395349
83 0.392857
59 0.391304
70 0.389831
38 0.389610
35 0.387755
53 0.387097
101 0.384615
34 0.378378
71 0.375000
97 0.375000
47 0.375000
40 0.370370
104 0.368421
82 0.366197
33 0.352941
51 0.333333
32 0.333333
102 0.333333
91 0.333333
30 0.333333
2 0.315789
74 0.315789
29 0.307692
44 0.304348
49 0.300000
5 0.294118
21 0.285714
93 0.285714
13 0.272727
22 0.250000
12 0.250000
1 0.250000
36 0.200000
54 0.200000
7 0.200000
55 0.166667
73 0.153846
66 0.153846
14 0.100000
90 0.062500
15 0.000000
