55 1.000000
15 1.000000
19 1.000000
47 1.000000
6 1.000000
97 0.785714
78 0.714286
84 0.666667
2 0.666667
10 0.666667
21 0.666667
90 0.625000
60 0.615385
108 0.615385
41 0.608696
54 0.600000
89 0.600000
99 0.600000
77 0.600000
8 0.590909
72 0.583333
64 0.583333
16 0.571429
98 0.571429
105 0.555556
83 0.555556
96 0.555556
14 0.555556
45 0.548387
65 0.538462
3 0.529412
70 0.500000
73 0.500000
63 0.500000
12 0.500000
58 0.500000
56 0.500000
0 0.500000
102 0.500000
51 0.500000
48 0.500000
93 0.500000
66 0.500000
18 0.500000
109 0.473684
29 0.466667
34 0.466667
27 0.466667
11 0.461538
35 0.458333
87 0.454545
91 0.454545
86 0.454545
5 0.448399
42 0.444444
82 0.444444
88 0.437500
81 0.437500
50 0.428571
1 0.428571
68 0.424242
9 0.409091
33 0.400000
28 0.400000
37 0.400000
103 0.400000
67 0.400000
38 0.400000
80 0.400000
49 0.400000
40 0.375000
85 0.368421
104 0.363636
17 0.363636
61 0.363636
32 0.357143
39 0.333333
22 0.333333
57 0.333333
43 0.333333
75 0.333333
100 0.333333
46 0.333333
24 0.333333
101 0.333333
25 0.312500
76 0.307692
53 0.300000
4 0.294118
59 0.285714
52 0.250000
26 0.250000
7 0.250000
79 0.250000
23 0.250000
13 0.250000
44 0.250000
30 0.200000
107 0.187500
95 0.166667
36 0.166667
74 0.125000
69 0.000000
31 0.000000
62 0.000000
106 0.000000
20 0.000000
94 0.000000
71 0.000000
92 0.000000
