0 1.000000
42 1.000000
2 1.000000
43 1.000000
31 1.000000
5 1.000000
28 1.000000
7 1.000000
62 1.000000
66 1.000000
76 1.000000
19 1.000000
12 1.000000
86 1.000000
84 1.000000
18 1.000000
37 1.000000
95 0.833333
78 0.833333
108 0.800000
106 0.750000
81 0.750000
25 0.750000
23 0.750000
3 0.733333
69 0.666667
93 0.666667
101 0.666667
103 0.666667
55 0.666667
54 0.666667
20 0.666667
24 0.666667
83 0.666667
90 0.666667
72 0.600000
27 0.600000
88 0.600000
98 0.571429
4 0.571429
99 0.500000
100 0.500000
97 0.500000
10 0.500000
34 0.500000
14 0.500000
79 0.500000
17 0.500000
48 0.500000
104 0.500000
77 0.500000
21 0.500000
52 0.500000
75 0.500000
74 0.500000
109 0.500000
56 0.500000
71 0.500000
58 0.500000
70 0.500000
60 0.500000
64 0.500000
49 0.500000
85 0.461538
6 0.460870
38 0.428571
105 0.428571
33 0.416667
11 0.400000
41 0.400000
26 0.400000
8 0.375000
35 0.375000
96 0.375000
45 0.363636
53 0.333333
51 0.333333
50 0.333333
91 0.333333
61 0.333333
80 0.333333
16 0.333333
87 0.333333
13 0.333333
107 0.333333
32 0.333333
44 0.285714
57 0.285714
29 0.250000
82 0.200000
46 0.200000
68 0.200000
73 0.166667
65 0.166667
9 0.125000
94 0.000000
30 0.000000
47 0.000000
15 0.000000
40 0.000000
39 0.000000
59 0.000000
102 0.000000
22 0.000000
92 0.000000
67 0.000000
36 0.000000
89 0.000000
1 0.000000
63 0.000000
