55 1.000000
103 1.000000
62 1.000000
10 1.000000
54 1.000000
32 1.000000
6 1.000000
31 1.000000
20 1.000000
17 1.000000
15 1.000000
0 0.857143
49 0.833333
87 0.833333
79 0.800000
42 0.800000
83 0.777778
48 0.777778
98 0.750000
82 0.750000
2 0.750000
104 0.750000
90 0.750000
14 0.750000
56 0.727273
18 0.714286
109 0.700000
89 0.666667
11 0.666667
88 0.666667
39 0.666667
91 0.666667
84 0.625000
81 0.600000
95 0.600000
107 0.600000
106 0.600000
40 0.600000
105 0.588235
23 0.571429
99 0.555556
8 0.545455
21 0.500000
24 0.500000
93 0.500000
77 0.500000
69 0.500000
66 0.500000
30 0.500000
28 0.500000
108 0.500000
51 0.500000
52 0.500000
12 0.500000
57 0.500000
97 0.500000
85 0.470588
7 0.464052
60 0.444444
64 0.437500
76 0.428571
65 0.428571
36 0.400000
101 0.400000
27 0.400000
73 0.400000
3 0.400000
45 0.400000
33 0.375000
41 0.363636
29 0.333333
61 0.333333
26 0.333333
74 0.333333
86 0.333333
94 0.333333
13 0.333333
92 0.333333
78 0.333333
80 0.333333
35 0.300000
72 0.285714
100 0.250000
5 0.250000
37 0.250000
71 0.250000
59 0.250000
46 0.250000
70 0.250000
102 0.250000
4 0.200000
50 0.200000
19 0.200000
38 0.200000
63 0.166667
16 0.166667
1 0.166667
53 0.166667
34 0.166667
44 0.166667
68 0.153846
25 0.142857
9 0.125000
58 0.000000
75 0.000000
96 0.000000
47 0.000000
43 0.000000
22 0.000000
67 0.000000
