15 0.750000
43 0.743590
100 0.727273
0 0.722222
98 0.700000
77 0.694444
42 0.677083
83 0.666667
108 0.666667
39 0.660000
63 0.645161
28 0.642857
37 0.641026
14 0.640000
107 0.633028
61 0.632911
71 0.628571
97 0.619565
11 0.611940
53 0.607143
87 0.606742
80 0.606061
18 0.604651
88 0.602740
109 0.600000
72 0.598540
65 0.594595
26 0.590909
5 0.590909
51 0.588235
20 0.587629
48 0.583333
13 0.578947
2 0.578947
27 0.575221
105 0.573840
46 0.570175
24 0.567568
73 0.563107
38 0.562963
103 0.562500
10 0.560000
102 0.555556
21 0.555556
22 0.553191
86 0.551724
106 0.550000
93 0.549296
81 0.548387
84 0.547945
45 0.545455
94 0.545455
7 0.545455
78 0.543046
8 0.541728
17 0.541667
76 0.540373
89 0.535714
74 0.533333
19 0.531915
85 0.527197
31 0.525000
96 0.518182
4 0.516393
60 0.514706
23 0.514286
57 0.513514
99 0.510204
104 0.509804
79 0.507463
34 0.504505
3 0.503030
90 0.500000
50 0.500000
68 0.500000
82 0.500000
67 0.490196
58 0.487805
32 0.487805
29 0.487500
25 0.486957
92 0.486486
44 0.486111
41 0.482270
95 0.481481
66 0.481481
75 0.480000
101 0.476190
91 0.473684
35 0.471698
9 0.469697
33 0.468085
59 0.458333
64 0.452514
69 0.452381
55 0.444444
16 0.434783
40 0.428571
70 0.424528
49 0.421053
56 0.407407
54 0.400000
52 0.392857
30 0.392857
6 0.375000
12 0.357143
1 0.340000
47 0.315789
36 0.263158
62 0.250000
