51 0.761905
60 0.720000
17 0.700000
63 0.666667
39 0.656250
79 0.640000
94 0.636364
18 0.615385
73 0.612245
34 0.611940
14 0.606061
108 0.604167
103 0.600000
66 0.600000
23 0.600000
56 0.600000
87 0.583333
83 0.581395
29 0.571429
95 0.571429
33 0.568966
98 0.568627
109 0.563636
44 0.560976
105 0.554745
38 0.553191
40 0.551724
76 0.547009
65 0.544304
42 0.542857
11 0.531915
78 0.531250
27 0.530000
71 0.526316
43 0.523810
61 0.523810
90 0.523810
3 0.523364
26 0.520000
0 0.518519
68 0.512397
88 0.512195
53 0.511628
72 0.510638
85 0.507143
100 0.500000
10 0.500000
47 0.500000
69 0.500000
89 0.500000
50 0.500000
20 0.500000
45 0.496503
9 0.492563
80 0.487179
84 0.486842
64 0.476636
2 0.476190
86 0.475410
70 0.472973
59 0.470588
8 0.469697
24 0.464286
4 0.462963
32 0.460000
67 0.458333
46 0.457627
49 0.454545
93 0.454545
82 0.451220
96 0.448276
92 0.441176
16 0.441176
12 0.437500
48 0.428571
54 0.428571
97 0.425000
57 0.413043
106 0.411765
5 0.409091
41 0.408451
81 0.406780
13 0.400000
55 0.400000
91 0.391304
77 0.387097
25 0.381818
35 0.377049
99 0.375000
19 0.363636
31 0.363636
58 0.363636
107 0.353846
101 0.347826
22 0.333333
28 0.333333
74 0.333333
30 0.333333
37 0.300000
104 0.291667
1 0.280000
36 0.272727
52 0.250000
15 0.250000
75 0.222222
21 0.208333
102 0.142857
7 0.125000
6 0.125000
62 0.111111
