40 1.000000
28 1.000000
52 1.000000
87 1.000000
33 1.000000
103 1.000000
31 1.000000
7 1.000000
21 1.000000
38 0.833333
16 0.833333
99 0.833333
2 0.800000
80 0.777778
83 0.750000
72 0.714286
48 0.714286
95 0.666667
43 0.666667
20 0.666667
5 0.666667
79 0.666667
59 0.666667
23 0.666667
55 0.666667
68 0.631579
101 0.625000
96 0.625000
78 0.615385
35 0.583333
22 0.571429
66 0.571429
70 0.571429
3 0.571429
18 0.571429
41 0.571429
8 0.560000
98 0.555556
84 0.555556
81 0.555556
61 0.555556
32 0.545455
82 0.538462
27 0.529412
93 0.500000
89 0.500000
15 0.500000
47 0.500000
14 0.500000
30 0.500000
50 0.500000
51 0.500000
102 0.500000
9 0.500000
77 0.500000
0 0.500000
56 0.500000
75 0.500000
37 0.500000
6 0.500000
106 0.500000
13 0.500000
1 0.500000
36 0.500000
10 0.488764
104 0.444444
107 0.444444
109 0.444444
100 0.428571
42 0.428571
71 0.428571
105 0.428571
57 0.416667
53 0.416667
46 0.416667
4 0.400000
11 0.400000
60 0.400000
108 0.400000
86 0.375000
76 0.333333
97 0.333333
73 0.333333
39 0.333333
85 0.333333
19 0.333333
69 0.333333
90 0.333333
88 0.333333
25 0.333333
26 0.333333
64 0.307692
65 0.285714
45 0.285714
92 0.285714
34 0.272727
24 0.250000
74 0.250000
29 0.250000
17 0.200000
58 0.200000
44 0.166667
54 0.000000
94 0.000000
49 0.000000
62 0.000000
67 0.000000
63 0.000000
91 0.000000
12 0.000000
