39 0.826087
49 0.800000
26 0.800000
99 0.777778
47 0.750000
83 0.750000
97 0.722222
43 0.714286
87 0.708333
0 0.681818
91 0.666667
108 0.666667
7 0.666667
74 0.652174
61 0.638889
90 0.636364
98 0.634146
42 0.620690
77 0.619048
103 0.615385
8 0.611940
78 0.604167
12 0.600000
15 0.600000
85 0.600000
94 0.600000
22 0.600000
81 0.590909
60 0.590909
107 0.586957
20 0.586207
84 0.583333
31 0.578947
29 0.571429
55 0.571429
27 0.561404
57 0.560000
96 0.555556
63 0.555556
44 0.555556
1 0.555556
18 0.550000
109 0.540541
104 0.538462
82 0.537313
95 0.533333
24 0.533333
59 0.533333
9 0.531915
50 0.529412
86 0.526316
73 0.526316
11 0.521870
76 0.521739
68 0.519481
64 0.515625
72 0.515152
105 0.513514
58 0.500000
88 0.500000
79 0.500000
34 0.500000
38 0.500000
13 0.500000
70 0.500000
28 0.500000
17 0.500000
67 0.500000
65 0.486486
32 0.485714
25 0.481481
45 0.477612
37 0.470588
46 0.463415
51 0.461538
5 0.461538
53 0.457143
2 0.454545
100 0.444444
69 0.444444
41 0.439024
106 0.434783
35 0.428571
36 0.428571
21 0.428571
80 0.428571
3 0.418605
101 0.413793
93 0.409091
4 0.407407
10 0.400000
6 0.400000
33 0.382353
40 0.368421
54 0.363636
23 0.363636
19 0.357143
14 0.352941
56 0.333333
89 0.333333
71 0.333333
66 0.333333
48 0.318182
16 0.296296
75 0.285714
52 0.285714
30 0.250000
92 0.200000
62 0.076923
102 0.000000
