6 1.000000
1 1.000000
89 1.000000
24 1.000000
48 0.875000
42 0.818182
78 0.800000
57 0.800000
44 0.750000
66 0.750000
55 0.750000
28 0.750000
0 0.750000
106 0.666667
15 0.666667
21 0.666667
99 0.666667
19 0.666667
65 0.625000
96 0.615385
51 0.600000
22 0.600000
23 0.600000
73 0.600000
58 0.600000
52 0.600000
107 0.600000
63 0.600000
11 0.600000
85 0.560000
70 0.555556
74 0.555556
68 0.555556
3 0.550000
35 0.545455
59 0.500000
77 0.500000
37 0.500000
7 0.500000
84 0.500000
5 0.500000
27 0.500000
103 0.500000
105 0.500000
49 0.500000
80 0.500000
14 0.500000
30 0.500000
83 0.500000
53 0.454545
12 0.451477
29 0.444444
9 0.437500
86 0.428571
39 0.428571
46 0.416667
41 0.416667
72 0.411765
18 0.411765
98 0.400000
17 0.400000
69 0.400000
62 0.400000
93 0.400000
101 0.400000
32 0.400000
95 0.400000
88 0.384615
25 0.375000
60 0.375000
43 0.375000
8 0.357143
109 0.357143
61 0.333333
100 0.333333
40 0.333333
104 0.333333
33 0.333333
31 0.333333
20 0.333333
108 0.333333
47 0.333333
13 0.333333
45 0.315789
38 0.315789
82 0.307692
16 0.300000
34 0.294118
87 0.285714
75 0.285714
76 0.277778
64 0.272727
81 0.263158
94 0.250000
4 0.250000
91 0.250000
102 0.250000
90 0.250000
92 0.222222
97 0.200000
79 0.200000
36 0.166667
50 0.142857
56 0.142857
54 0.000000
2 0.000000
26 0.000000
71 0.000000
67 0.000000
10 0.000000
