98 1.000000
94 1.000000
23 1.000000
69 0.857143
87 0.800000
25 0.750000
66 0.750000
90 0.750000
39 0.727273
86 0.714286
46 0.714286
73 0.700000
43 0.666667
31 0.666667
55 0.666667
79 0.666667
0 0.666667
17 0.666667
109 0.666667
83 0.636364
53 0.636364
70 0.625000
88 0.625000
61 0.625000
27 0.625000
78 0.625000
81 0.611111
76 0.600000
101 0.600000
97 0.600000
26 0.600000
65 0.588235
8 0.578947
51 0.571429
85 0.566667
64 0.566667
29 0.545455
42 0.523810
13 0.503597
21 0.500000
41 0.500000
91 0.500000
37 0.500000
16 0.500000
44 0.500000
45 0.500000
11 0.500000
82 0.500000
28 0.500000
74 0.500000
104 0.500000
71 0.500000
18 0.500000
30 0.500000
67 0.500000
10 0.500000
20 0.500000
32 0.500000
58 0.500000
102 0.500000
60 0.500000
33 0.500000
2 0.500000
107 0.478261
105 0.473684
72 0.470588
57 0.461538
95 0.454545
24 0.444444
96 0.444444
1 0.428571
77 0.428571
40 0.428571
3 0.424242
93 0.416667
52 0.400000
92 0.400000
75 0.400000
35 0.400000
103 0.400000
9 0.400000
108 0.384615
100 0.375000
84 0.375000
68 0.375000
80 0.375000
38 0.375000
12 0.333333
89 0.333333
6 0.333333
7 0.333333
34 0.333333
54 0.333333
15 0.333333
22 0.333333
36 0.333333
56 0.300000
14 0.285714
4 0.272727
99 0.272727
63 0.250000
5 0.250000
19 0.200000
106 0.200000
49 0.166667
59 0.125000
48 0.125000
47 0.000000
62 0.000000
50 0.000000
