47 1.000000
15 1.000000
94 0.900000
97 0.846154
92 0.818182
30 0.800000
98 0.793103
61 0.777778
1 0.750000
28 0.750000
7 0.750000
95 0.750000
103 0.727273
20 0.727273
77 0.727273
54 0.714286
31 0.700000
100 0.700000
85 0.684211
59 0.666667
55 0.666667
48 0.642857
8 0.640000
63 0.636364
66 0.625000
71 0.615385
65 0.611111
96 0.611111
9 0.606061
42 0.600000
58 0.600000
0 0.600000
68 0.588235
39 0.588235
72 0.583333
60 0.571429
99 0.571429
43 0.571429
45 0.558140
5 0.555556
18 0.552632
34 0.550000
2 0.545455
76 0.545455
44 0.538462
84 0.538462
86 0.538462
87 0.529412
16 0.529412
82 0.523810
53 0.523810
78 0.521739
14 0.520408
35 0.520000
41 0.514286
10 0.500000
12 0.500000
25 0.500000
51 0.500000
73 0.500000
6 0.500000
102 0.500000
62 0.500000
109 0.500000
52 0.500000
90 0.500000
17 0.500000
67 0.500000
46 0.480000
27 0.473684
81 0.466667
108 0.461538
70 0.458333
107 0.450000
80 0.444444
26 0.444444
64 0.444444
50 0.444444
38 0.434783
105 0.419355
101 0.416667
24 0.400000
83 0.400000
91 0.400000
75 0.400000
104 0.400000
23 0.400000
106 0.400000
69 0.363636
57 0.357143
11 0.352941
3 0.343750
19 0.333333
21 0.333333
33 0.333333
40 0.333333
32 0.315789
74 0.307692
37 0.300000
13 0.285714
49 0.285714
88 0.272727
79 0.272727
29 0.272727
22 0.250000
56 0.222222
89 0.200000
93 0.166667
36 0.142857
4 0.100000
