0 1.000000
100 1.000000
99 1.000000
95 1.000000
89 1.000000
5 1.000000
67 1.000000
7 1.000000
59 1.000000
57 1.000000
109 1.000000
49 1.000000
44 1.000000
32 1.000000
14 1.000000
31 1.000000
30 1.000000
29 1.000000
21 1.000000
84 0.833333
8 0.750000
98 0.750000
64 0.700000
12 0.666667
65 0.666667
80 0.666667
20 0.666667
97 0.666667
17 0.666667
42 0.666667
72 0.666667
61 0.666667
11 0.600000
108 0.600000
83 0.600000
53 0.571429
68 0.555556
37 0.500000
94 0.500000
82 0.500000
107 0.500000
77 0.500000
25 0.500000
27 0.500000
24 0.500000
103 0.500000
73 0.500000
47 0.500000
23 0.500000
101 0.500000
69 0.500000
43 0.500000
66 0.500000
90 0.500000
22 0.500000
10 0.500000
56 0.500000
55 0.500000
63 0.500000
76 0.500000
1 0.500000
15 0.465909
88 0.444444
78 0.428571
93 0.428571
26 0.400000
81 0.363636
13 0.333333
33 0.333333
58 0.333333
92 0.333333
35 0.333333
18 0.333333
19 0.333333
74 0.333333
106 0.333333
60 0.333333
41 0.333333
105 0.300000
9 0.250000
45 0.250000
16 0.250000
39 0.250000
38 0.250000
52 0.250000
96 0.250000
3 0.250000
34 0.250000
70 0.250000
4 0.000000
71 0.000000
91 0.000000
48 0.000000
50 0.000000
87 0.000000
86 0.000000
46 0.000000
51 0.000000
6 0.000000
2 0.000000
36 0.000000
75 0.000000
102 0.000000
28 0.000000
104 0.000000
40 0.000000
54 0.000000
79 0.000000
62 0.000000
85 0.000000
