103 1.000000
24 0.888889
10 0.833333
50 0.750000
94 0.750000
55 0.750000
0 0.727273
74 0.714286
27 0.677419
106 0.666667
66 0.666667
32 0.650000
98 0.615385
26 0.600000
48 0.600000
56 0.600000
47 0.600000
5 0.571429
19 0.545455
40 0.545455
20 0.533333
84 0.533333
14 0.529412
42 0.526316
72 0.520000
67 0.500000
43 0.500000
100 0.500000
28 0.500000
97 0.500000
37 0.500000
4 0.500000
54 0.500000
13 0.500000
82 0.483871
78 0.482759
109 0.482759
57 0.480000
80 0.476190
61 0.470588
85 0.465116
45 0.463415
58 0.461538
87 0.458333
95 0.454545
108 0.450000
2 0.444444
9 0.441176
33 0.437500
60 0.437500
8 0.434783
107 0.433333
16 0.432127
21 0.428571
38 0.423077
93 0.421053
22 0.416667
34 0.409091
59 0.400000
75 0.400000
41 0.400000
39 0.400000
30 0.400000
73 0.400000
18 0.400000
65 0.400000
77 0.400000
99 0.400000
81 0.388889
44 0.388889
31 0.384615
25 0.382353
69 0.375000
68 0.375000
1 0.375000
49 0.375000
46 0.368421
70 0.363636
79 0.363636
76 0.357143
35 0.352941
64 0.347826
96 0.344828
63 0.333333
6 0.333333
53 0.333333
104 0.333333
91 0.333333
105 0.325581
12 0.300000
11 0.296296
29 0.294118
83 0.285714
23 0.285714
71 0.266667
3 0.260870
15 0.250000
92 0.250000
101 0.250000
86 0.250000
51 0.250000
90 0.222222
52 0.200000
88 0.200000
17 0.181818
7 0.166667
102 0.142857
36 0.000000
89 0.000000
62 0.000000
