7 1.000000
91 0.833333
59 0.777778
0 0.777778
55 0.750000
98 0.736842
49 0.727273
86 0.714286
9 0.700000
56 0.684211
72 0.681818
18 0.680000
13 0.666667
104 0.666667
30 0.666667
15 0.666667
82 0.658537
3 0.656250
79 0.650000
94 0.647059
2 0.642857
44 0.636364
23 0.636364
108 0.636364
60 0.631579
40 0.619048
43 0.615385
78 0.611111
85 0.607595
28 0.600000
41 0.588235
83 0.576923
42 0.576923
109 0.575758
84 0.571429
51 0.571429
103 0.571429
107 0.562500
20 0.551724
76 0.545455
99 0.545455
19 0.545455
97 0.545455
34 0.545455
8 0.541667
87 0.538462
31 0.529412
105 0.526316
33 0.516129
17 0.515957
38 0.511628
64 0.509091
4 0.500000
6 0.500000
11 0.500000
29 0.500000
14 0.500000
77 0.500000
32 0.500000
1 0.500000
102 0.500000
37 0.500000
89 0.500000
63 0.500000
90 0.500000
81 0.500000
66 0.500000
96 0.481481
46 0.473684
65 0.473684
80 0.466667
58 0.461538
70 0.454545
73 0.450000
48 0.450000
52 0.444444
25 0.444444
88 0.444444
74 0.434783
39 0.434783
71 0.428571
106 0.428571
45 0.426667
22 0.416667
92 0.400000
12 0.400000
93 0.400000
75 0.400000
24 0.400000
27 0.393443
101 0.384615
95 0.363636
5 0.363636
68 0.354167
61 0.352941
35 0.342857
47 0.333333
100 0.333333
53 0.285714
62 0.285714
67 0.285714
54 0.250000
21 0.250000
69 0.250000
57 0.250000
26 0.250000
10 0.200000
16 0.181818
50 0.000000
36 0.000000
