6 1.000000
109 0.837838
30 0.833333
0 0.791667
66 0.785714
103 0.777778
78 0.756757
102 0.750000
67 0.750000
42 0.744186
108 0.741379
31 0.740741
100 0.739130
53 0.736842
23 0.720000
51 0.720000
97 0.717949
49 0.714286
7 0.714286
22 0.705882
98 0.681159
17 0.680000
89 0.666667
79 0.666667
28 0.666667
84 0.661765
72 0.659574
77 0.653846
57 0.647059
25 0.647059
85 0.645669
52 0.642857
33 0.638298
94 0.636364
63 0.625000
61 0.625000
69 0.625000
55 0.625000
41 0.622449
45 0.620253
59 0.619048
65 0.617284
56 0.615385
9 0.615385
104 0.612903
32 0.607143
8 0.604651
20 0.600000
38 0.595506
83 0.594595
81 0.594595
99 0.588235
91 0.586207
2 0.583333
48 0.580645
18 0.579151
90 0.578947
105 0.573913
10 0.571429
101 0.567568
39 0.562500
21 0.555556
14 0.552632
82 0.552239
46 0.551724
11 0.550000
64 0.549020
60 0.545455
96 0.544118
87 0.543478
24 0.542857
74 0.538462
80 0.534884
70 0.532258
68 0.526316
19 0.526316
50 0.526316
3 0.522523
88 0.514286
34 0.509804
76 0.505376
27 0.500000
62 0.500000
43 0.500000
5 0.500000
26 0.500000
75 0.500000
58 0.500000
54 0.500000
13 0.500000
93 0.500000
4 0.500000
35 0.484848
1 0.483871
37 0.473684
92 0.468750
29 0.458333
71 0.450000
44 0.444444
40 0.419355
12 0.411765
16 0.400000
107 0.393939
95 0.391304
86 0.372093
15 0.333333
73 0.333333
106 0.272727
47 0.250000
36 0.000000
