5 1.000000
28 1.000000
6 1.000000
23 0.833333
51 0.800000
94 0.750000
43 0.750000
83 0.714286
108 0.692308
97 0.666667
0 0.666667
12 0.666667
90 0.666667
40 0.666667
78 0.650000
85 0.644444
107 0.642857
86 0.631579
44 0.600000
79 0.600000
55 0.600000
58 0.600000
80 0.600000
109 0.600000
106 0.588235
31 0.583333
50 0.571429
100 0.571429
62 0.571429
84 0.566667
38 0.560000
3 0.558824
88 0.555556
17 0.545455
33 0.545455
16 0.545455
57 0.538462
42 0.533333
8 0.531915
18 0.526316
98 0.526316
105 0.515152
67 0.500000
24 0.500000
20 0.500000
89 0.500000
81 0.500000
91 0.500000
63 0.500000
87 0.500000
37 0.500000
30 0.500000
19 0.472067
45 0.466667
61 0.461538
99 0.454545
77 0.444444
70 0.444444
29 0.444444
41 0.440000
73 0.434783
46 0.434783
82 0.428571
26 0.428571
59 0.428571
27 0.425532
4 0.416667
48 0.416667
35 0.411765
103 0.400000
2 0.400000
104 0.400000
66 0.400000
72 0.388889
65 0.380952
69 0.375000
68 0.375000
74 0.375000
9 0.363636
60 0.363636
32 0.357143
11 0.357143
25 0.352941
10 0.333333
71 0.333333
49 0.333333
14 0.333333
34 0.333333
15 0.333333
95 0.333333
93 0.333333
22 0.333333
53 0.307692
1 0.307692
92 0.300000
56 0.285714
76 0.285714
39 0.285714
64 0.275862
21 0.250000
96 0.250000
36 0.250000
102 0.200000
13 0.200000
7 0.200000
75 0.200000
52 0.200000
47 0.142857
101 0.000000
54 0.000000
