47 1.000000
7 1.000000
94 0.833333
95 0.812500
0 0.777778
98 0.750000
14 0.727273
70 0.722222
2 0.700000
49 0.700000
57 0.695652
97 0.677419
86 0.677419
28 0.666667
6 0.666667
15 0.666667
103 0.666667
66 0.666667
61 0.666667
10 0.666667
44 0.650000
101 0.647059
78 0.645161
73 0.642857
56 0.642857
109 0.638889
50 0.636364
87 0.636364
38 0.617021
41 0.608696
34 0.608696
4 0.606061
77 0.600000
60 0.600000
89 0.600000
18 0.600000
30 0.600000
76 0.597015
33 0.595238
27 0.590164
8 0.587629
11 0.586207
42 0.586207
84 0.583333
85 0.576471
65 0.571429
31 0.571429
80 0.565217
53 0.565217
79 0.562500
74 0.562500
23 0.555556
32 0.551724
17 0.551724
20 0.548922
29 0.548387
69 0.545455
107 0.545455
45 0.537037
16 0.533333
82 0.529412
72 0.523810
68 0.523810
105 0.521739
64 0.519231
3 0.514706
81 0.513514
67 0.500000
9 0.500000
19 0.500000
21 0.500000
92 0.500000
90 0.500000
13 0.500000
104 0.500000
37 0.500000
83 0.500000
63 0.500000
24 0.500000
59 0.500000
93 0.473684
48 0.466667
96 0.460000
35 0.457143
91 0.450000
100 0.428571
43 0.428571
88 0.423077
51 0.400000
22 0.384615
108 0.380952
99 0.375000
102 0.375000
55 0.333333
1 0.333333
40 0.333333
12 0.333333
36 0.333333
58 0.307692
71 0.307692
52 0.285714
25 0.263158
54 0.250000
62 0.250000
46 0.187500
26 0.142857
39 0.142857
75 0.000000
5 0.000000
106 0.000000
