10 1.000000
15 1.000000
2 0.833333
66 0.833333
42 0.818182
23 0.800000
79 0.777778
77 0.769231
94 0.750000
98 0.733333
22 0.714286
12 0.666667
5 0.666667
1 0.666667
106 0.666667
50 0.666667
72 0.666667
40 0.666667
93 0.666667
38 0.633333
31 0.600000
83 0.583333
91 0.571429
97 0.562500
18 0.555556
44 0.555556
8 0.555556
100 0.545455
35 0.545455
0 0.545455
80 0.538462
53 0.538462
104 0.538462
52 0.500000
81 0.500000
75 0.500000
20 0.500000
13 0.500000
88 0.500000
28 0.500000
7 0.500000
63 0.500000
6 0.500000
43 0.500000
54 0.500000
89 0.500000
105 0.472222
76 0.466667
90 0.466667
109 0.461538
84 0.454545
21 0.446254
103 0.444444
71 0.437500
45 0.434783
3 0.428571
29 0.428571
57 0.428571
11 0.428571
16 0.428571
55 0.428571
73 0.416667
27 0.416667
87 0.416667
25 0.413793
78 0.411765
46 0.411765
108 0.409091
49 0.400000
48 0.400000
95 0.400000
64 0.400000
92 0.400000
96 0.384615
107 0.375000
37 0.375000
82 0.370370
68 0.366667
58 0.363636
41 0.352941
101 0.333333
24 0.333333
14 0.333333
32 0.333333
99 0.333333
86 0.312500
65 0.307692
61 0.307692
4 0.285714
60 0.285714
34 0.266667
62 0.250000
36 0.250000
19 0.250000
17 0.250000
56 0.250000
74 0.222222
70 0.222222
85 0.214286
33 0.214286
9 0.208333
59 0.166667
30 0.166667
51 0.166667
39 0.166667
47 0.000000
69 0.000000
67 0.000000
26 0.000000
102 0.000000
