103 1.000000
63 1.000000
89 1.000000
69 0.833333
93 0.750000
100 0.750000
98 0.733333
109 0.733333
33 0.722222
71 0.714286
43 0.714286
21 0.714286
18 0.705882
46 0.666667
87 0.666667
56 0.666667
94 0.666667
23 0.666667
86 0.666667
0 0.636364
99 0.625000
60 0.625000
97 0.600000
12 0.600000
107 0.600000
11 0.600000
31 0.600000
50 0.590909
83 0.588235
48 0.583333
41 0.576923
10 0.571429
8 0.553191
101 0.545455
68 0.525000
78 0.521739
35 0.520000
81 0.517241
27 0.515152
45 0.515152
34 0.500000
72 0.500000
59 0.500000
15 0.500000
58 0.500000
88 0.500000
38 0.500000
32 0.500000
37 0.500000
26 0.500000
30 0.500000
51 0.500000
85 0.500000
84 0.500000
22 0.479339
42 0.476190
80 0.466667
92 0.466667
96 0.464286
44 0.461538
65 0.461538
105 0.454545
90 0.444444
57 0.437500
108 0.437500
3 0.428571
70 0.419355
17 0.416667
16 0.416667
54 0.400000
1 0.400000
29 0.400000
53 0.400000
39 0.400000
74 0.400000
75 0.400000
20 0.384615
76 0.378378
77 0.375000
64 0.375000
24 0.375000
40 0.375000
25 0.352941
104 0.333333
19 0.333333
62 0.333333
28 0.333333
9 0.333333
106 0.333333
47 0.333333
13 0.333333
5 0.333333
67 0.307692
91 0.285714
2 0.285714
95 0.285714
82 0.250000
14 0.250000
61 0.250000
49 0.250000
4 0.250000
66 0.250000
36 0.200000
73 0.142857
52 0.000000
6 0.000000
102 0.000000
7 0.000000
79 0.000000
55 0.000000
