36 1.000000
47 1.000000
13 1.000000
66 1.000000
37 1.000000
103 1.000000
0 0.888889
90 0.857143
51 0.833333
40 0.833333
19 0.833333
21 0.800000
2 0.800000
107 0.785714
6 0.750000
91 0.750000
61 0.727273
65 0.727273
18 0.720000
32 0.714286
35 0.705882
108 0.700000
10 0.666667
53 0.666667
100 0.666667
22 0.666667
67 0.666667
109 0.666667
28 0.666667
83 0.666667
57 0.642857
17 0.636364
98 0.625000
45 0.608696
78 0.608696
9 0.600000
12 0.600000
72 0.600000
48 0.600000
88 0.588235
74 0.583333
85 0.580645
7 0.571429
71 0.571429
33 0.555556
31 0.555556
104 0.555556
20 0.555556
82 0.550000
42 0.550000
38 0.538462
46 0.533333
70 0.529412
23 0.529412
76 0.517241
8 0.514286
4 0.500000
29 0.500000
34 0.500000
99 0.500000
49 0.500000
52 0.500000
25 0.500000
92 0.500000
64 0.500000
39 0.500000
44 0.500000
15 0.500000
93 0.500000
106 0.500000
94 0.500000
41 0.500000
54 0.500000
87 0.466667
81 0.466667
105 0.448276
77 0.444444
97 0.444444
95 0.428571
50 0.416667
68 0.411765
89 0.400000
14 0.400000
84 0.400000
3 0.382353
11 0.363636
79 0.363636
1 0.333333
62 0.333333
58 0.333333
55 0.333333
27 0.318182
69 0.300000
101 0.285714
43 0.285714
80 0.285714
16 0.285714
73 0.272727
5 0.250000
56 0.250000
96 0.250000
63 0.250000
75 0.200000
86 0.166667
26 0.166667
60 0.125000
59 0.111111
24 0.000000
30 0.000000
102 0.000000
