28 1.000000
12 1.000000
61 1.000000
94 1.000000
16 0.888889
97 0.857143
65 0.850000
58 0.833333
55 0.833333
53 0.785714
66 0.750000
60 0.727273
106 0.714286
37 0.714286
50 0.692308
38 0.687500
33 0.684211
99 0.684211
49 0.666667
54 0.666667
71 0.666667
2 0.666667
88 0.666667
6 0.666667
26 0.666667
73 0.647059
83 0.642857
42 0.631579
77 0.625000
78 0.600000
84 0.600000
93 0.588235
43 0.583333
51 0.571429
48 0.571429
75 0.571429
8 0.567568
105 0.547619
69 0.545455
18 0.542857
87 0.541667
11 0.533333
32 0.520000
68 0.510204
24 0.502564
1 0.500000
0 0.500000
47 0.500000
20 0.500000
19 0.500000
15 0.500000
90 0.500000
7 0.500000
27 0.500000
41 0.481481
45 0.481481
25 0.476190
108 0.476190
98 0.476190
57 0.473684
76 0.472222
9 0.464286
4 0.461538
13 0.444444
107 0.440000
80 0.437500
100 0.428571
34 0.421053
29 0.411765
70 0.411765
96 0.411765
109 0.411765
82 0.407407
17 0.400000
74 0.400000
95 0.400000
14 0.400000
35 0.400000
59 0.400000
79 0.400000
46 0.400000
81 0.400000
3 0.391304
40 0.384615
92 0.384615
72 0.379310
22 0.375000
85 0.363636
101 0.357143
64 0.350000
5 0.333333
21 0.333333
36 0.333333
56 0.333333
30 0.333333
52 0.333333
89 0.333333
63 0.333333
104 0.333333
102 0.333333
86 0.307692
39 0.300000
31 0.285714
44 0.250000
10 0.250000
62 0.200000
103 0.200000
91 0.166667
67 0.000000
23 0.000000
