0 0.933333
100 0.800000
2 0.785714
13 0.750000
6 0.750000
77 0.733333
48 0.703704
28 0.687500
26 0.666667
94 0.666667
43 0.656250
18 0.647059
72 0.647059
98 0.634615
33 0.608696
1 0.600000
58 0.592593
56 0.590909
106 0.578947
34 0.568182
79 0.562500
108 0.552632
51 0.545455
80 0.542857
31 0.529412
76 0.528302
97 0.520000
61 0.518519
53 0.518519
82 0.518519
107 0.509434
23 0.500000
30 0.500000
60 0.500000
104 0.500000
14 0.500000
15 0.500000
29 0.500000
38 0.500000
83 0.500000
27 0.492537
35 0.487179
8 0.486957
11 0.481481
42 0.481481
90 0.476190
24 0.476190
46 0.473684
81 0.468750
25 0.464968
78 0.463415
105 0.462366
93 0.458333
87 0.457143
63 0.454545
4 0.454545
84 0.454545
17 0.444444
101 0.441176
50 0.434783
70 0.431818
109 0.431373
71 0.428571
55 0.428571
85 0.426471
41 0.423077
86 0.421053
91 0.416667
21 0.413793
45 0.413793
64 0.410959
74 0.409091
32 0.400000
59 0.400000
69 0.400000
44 0.400000
96 0.394737
75 0.384615
40 0.384615
16 0.382353
9 0.381818
92 0.380952
57 0.380952
102 0.375000
12 0.375000
62 0.363636
95 0.357143
22 0.352941
19 0.352941
65 0.351351
73 0.342105
68 0.340909
10 0.333333
66 0.333333
52 0.333333
89 0.333333
39 0.333333
3 0.325581
67 0.312500
5 0.312500
36 0.300000
99 0.294118
54 0.285714
47 0.285714
20 0.263158
88 0.227273
37 0.222222
49 0.200000
103 0.200000
7 0.142857
