28 0.750000
102 0.700000
103 0.684211
16 0.677419
2 0.676471
95 0.675000
91 0.666667
57 0.648148
98 0.644737
26 0.625000
13 0.625000
39 0.617647
42 0.617391
97 0.616667
69 0.615385
61 0.613636
81 0.601770
6 0.600000
62 0.600000
20 0.590164
109 0.589041
78 0.584158
37 0.578947
0 0.578947
43 0.578947
8 0.575221
33 0.569767
83 0.564516
11 0.561404
86 0.559322
87 0.558824
94 0.555556
65 0.555556
85 0.550562
66 0.550000
64 0.548780
31 0.548387
40 0.547619
107 0.545455
41 0.540984
60 0.538462
96 0.535714
68 0.535545
58 0.533333
48 0.531915
84 0.530435
9 0.530000
10 0.529412
77 0.525000
90 0.523810
53 0.523810
38 0.521368
3 0.518717
27 0.516614
22 0.515152
99 0.512821
70 0.511111
88 0.508197
105 0.507692
82 0.500000
18 0.500000
12 0.500000
24 0.500000
15 0.500000
67 0.500000
76 0.497143
25 0.492537
32 0.491803
45 0.487952
108 0.487805
34 0.481132
106 0.479167
54 0.478261
93 0.477273
14 0.473684
5 0.466667
50 0.465517
80 0.464286
72 0.461538
56 0.454545
63 0.450000
71 0.444444
46 0.436782
4 0.434211
100 0.428571
75 0.428571
74 0.428571
79 0.428571
55 0.428571
89 0.428571
19 0.425532
59 0.423077
21 0.416667
52 0.407407
73 0.402778
7 0.400000
101 0.400000
29 0.400000
51 0.400000
30 0.400000
1 0.394737
35 0.394231
17 0.393443
104 0.363636
44 0.347826
92 0.347826
36 0.333333
47 0.333333
23 0.318182
49 0.111111
