58 1.000000
94 1.000000
71 1.000000
66 1.000000
108 0.888889
11 0.800000
106 0.800000
87 0.777778
107 0.777778
92 0.777778
31 0.750000
59 0.750000
101 0.714286
46 0.714286
100 0.700000
29 0.666667
25 0.666667
24 0.666667
96 0.666667
33 0.666667
38 0.666667
65 0.636364
42 0.625000
27 0.625000
69 0.600000
4 0.600000
53 0.600000
16 0.600000
13 0.600000
8 0.590909
73 0.583333
79 0.583333
70 0.583333
34 0.571429
2 0.571429
0 0.571429
81 0.562500
85 0.555556
76 0.541667
105 0.541667
41 0.533333
68 0.521739
9 0.520000
26 0.514894
89 0.500000
77 0.500000
93 0.500000
86 0.500000
22 0.500000
95 0.500000
18 0.500000
97 0.500000
28 0.500000
102 0.500000
103 0.500000
63 0.500000
35 0.500000
61 0.500000
3 0.473684
84 0.461538
109 0.461538
82 0.444444
14 0.444444
45 0.444444
72 0.444444
64 0.437500
19 0.428571
57 0.428571
51 0.428571
48 0.428571
78 0.428571
83 0.428571
98 0.416667
6 0.400000
15 0.400000
1 0.400000
40 0.400000
80 0.400000
88 0.375000
60 0.375000
10 0.333333
54 0.333333
56 0.333333
7 0.333333
91 0.333333
99 0.333333
37 0.333333
75 0.333333
67 0.333333
17 0.250000
5 0.250000
44 0.250000
50 0.250000
32 0.250000
74 0.200000
39 0.200000
23 0.166667
55 0.166667
20 0.142857
30 0.000000
90 0.000000
36 0.000000
12 0.000000
21 0.000000
104 0.000000
47 0.000000
49 0.000000
52 0.000000
62 0.000000
43 0.000000
