10 1.000000
19 1.000000
2 1.000000
102 1.000000
90 1.000000
106 1.000000
6 1.000000
63 1.000000
52 1.000000
24 1.000000
78 0.857143
108 0.800000
31 0.800000
14 0.750000
48 0.750000
38 0.750000
12 0.750000
4 0.750000
27 0.750000
0 0.750000
72 0.714286
25 0.687500
23 0.666667
20 0.666667
79 0.666667
43 0.666667
87 0.666667
18 0.666667
57 0.666667
100 0.666667
95 0.666667
103 0.666667
98 0.666667
50 0.666667
8 0.642857
82 0.625000
33 0.625000
65 0.600000
61 0.600000
17 0.600000
81 0.545455
28 0.507692
91 0.500000
13 0.500000
11 0.500000
89 0.500000
37 0.500000
47 0.500000
16 0.500000
41 0.500000
96 0.500000
51 0.500000
97 0.500000
85 0.500000
99 0.500000
109 0.500000
56 0.500000
86 0.500000
58 0.500000
93 0.500000
60 0.500000
26 0.500000
62 0.500000
7 0.500000
101 0.500000
21 0.500000
107 0.500000
77 0.500000
68 0.500000
69 0.500000
76 0.500000
71 0.500000
36 0.500000
73 0.500000
75 0.500000
35 0.454545
42 0.428571
104 0.400000
5 0.400000
88 0.400000
83 0.400000
32 0.400000
74 0.375000
80 0.333333
84 0.333333
53 0.333333
9 0.333333
46 0.333333
1 0.333333
45 0.333333
44 0.333333
22 0.333333
55 0.333333
105 0.312500
64 0.300000
70 0.285714
3 0.250000
34 0.200000
59 0.200000
29 0.200000
30 0.000000
54 0.000000
15 0.000000
49 0.000000
66 0.000000
39 0.000000
67 0.000000
94 0.000000
40 0.000000
92 0.000000
