15 1.000000
31 0.800000
97 0.687500
89 0.666667
26 0.666667
66 0.636364
54 0.625000
108 0.612903
2 0.611111
84 0.604651
104 0.600000
9 0.571429
39 0.571429
11 0.571429
69 0.550000
20 0.548387
58 0.545455
103 0.545455
13 0.545455
83 0.538462
65 0.526316
78 0.523810
76 0.514286
88 0.500000
25 0.500000
17 0.500000
85 0.500000
23 0.500000
93 0.500000
96 0.500000
102 0.500000
53 0.500000
0 0.500000
64 0.487805
8 0.487500
73 0.484848
33 0.481481
61 0.480000
105 0.472222
44 0.470588
42 0.466667
5 0.466667
87 0.464286
100 0.461538
40 0.461538
18 0.458333
107 0.457143
57 0.454545
80 0.454545
90 0.454545
12 0.444444
19 0.444444
29 0.435216
74 0.434783
68 0.431034
77 0.428571
34 0.428571
21 0.428571
50 0.428571
3 0.425926
45 0.419355
98 0.416667
24 0.411765
32 0.409091
81 0.400000
27 0.400000
22 0.400000
51 0.400000
46 0.371429
109 0.370370
56 0.368421
86 0.368421
37 0.357143
70 0.354839
99 0.352941
82 0.352941
72 0.350000
38 0.340909
91 0.333333
7 0.333333
101 0.333333
94 0.333333
95 0.333333
41 0.325581
79 0.318182
4 0.307692
1 0.304348
16 0.294118
48 0.294118
60 0.285714
59 0.277778
14 0.272727
35 0.263158
55 0.250000
6 0.250000
10 0.250000
28 0.200000
106 0.190476
43 0.166667
71 0.142857
75 0.142857
62 0.142857
63 0.142857
47 0.142857
36 0.142857
92 0.071429
52 0.000000
67 0.000000
49 0.000000
30 0.000000
