55 1.000000
15 1.000000
106 1.000000
100 1.000000
42 0.833333
18 0.833333
14 0.800000
77 0.750000
51 0.750000
78 0.714286
84 0.692308
103 0.666667
31 0.666667
17 0.666667
65 0.666667
98 0.636364
41 0.625000
57 0.625000
86 0.600000
20 0.600000
88 0.600000
108 0.600000
60 0.571429
34 0.555556
76 0.533333
45 0.521739
46 0.500000
10 0.500000
25 0.500000
67 0.500000
19 0.500000
13 0.500000
32 0.500000
94 0.500000
99 0.500000
7 0.500000
91 0.500000
90 0.500000
22 0.500000
12 0.500000
101 0.500000
73 0.444444
97 0.444444
38 0.428571
82 0.416667
27 0.400000
85 0.400000
93 0.400000
79 0.400000
61 0.400000
52 0.400000
16 0.400000
69 0.400000
30 0.398990
8 0.392857
64 0.380952
96 0.375000
89 0.375000
107 0.363636
40 0.333333
80 0.333333
62 0.333333
74 0.333333
9 0.333333
24 0.333333
4 0.333333
109 0.333333
2 0.333333
68 0.333333
50 0.333333
70 0.333333
71 0.333333
53 0.300000
92 0.300000
59 0.285714
72 0.277778
11 0.250000
95 0.250000
81 0.250000
35 0.250000
56 0.222222
5 0.200000
54 0.200000
58 0.200000
44 0.200000
39 0.200000
33 0.200000
3 0.181818
105 0.181818
21 0.166667
0 0.125000
48 0.125000
1 0.125000
37 0.000000
43 0.000000
87 0.000000
29 0.000000
28 0.000000
26 0.000000
23 0.000000
47 0.000000
83 0.000000
102 0.000000
6 0.000000
104 0.000000
49 0.000000
75 0.000000
63 0.000000
66 0.000000
36 0.000000
