7 1.000000
10 1.000000
62 1.000000
15 1.000000
6 1.000000
72 0.866667
63 0.857143
58 0.857143
104 0.857143
56 0.818182
29 0.800000
28 0.800000
48 0.800000
79 0.800000
80 0.777778
89 0.750000
26 0.750000
18 0.740741
108 0.733333
14 0.700000
4 0.692308
51 0.666667
13 0.666667
42 0.666667
69 0.666667
52 0.666667
106 0.666667
30 0.666667
109 0.636364
97 0.636364
34 0.631579
95 0.625000
90 0.625000
33 0.608696
68 0.607843
40 0.600000
43 0.600000
41 0.600000
21 0.600000
22 0.600000
71 0.600000
85 0.590909
98 0.588235
19 0.583333
93 0.583333
11 0.578947
20 0.571429
54 0.571429
66 0.571429
105 0.564103
61 0.555556
23 0.555556
27 0.548387
81 0.545455
60 0.545455
73 0.545455
31 0.543081
37 0.538462
84 0.538462
25 0.529412
17 0.529412
8 0.525000
107 0.521739
70 0.517241
38 0.517241
45 0.516129
76 0.512821
0 0.500000
46 0.500000
78 0.500000
59 0.500000
44 0.500000
32 0.500000
102 0.500000
77 0.500000
75 0.500000
65 0.500000
64 0.485714
88 0.473684
82 0.470588
96 0.466667
74 0.466667
3 0.465116
100 0.454545
50 0.444444
35 0.437500
87 0.434783
2 0.428571
86 0.416667
101 0.416667
83 0.411765
39 0.400000
49 0.400000
94 0.400000
16 0.384615
92 0.384615
53 0.380952
99 0.375000
9 0.363636
55 0.333333
1 0.333333
12 0.333333
57 0.307692
24 0.285714
91 0.230769
67 0.200000
36 0.200000
47 0.000000
5 0.000000
103 0.000000
