7 1.000000
15 1.000000
71 0.875000
43 0.736842
83 0.727273
37 0.722222
23 0.714286
44 0.666667
91 0.666667
16 0.650000
0 0.619048
18 0.607143
108 0.580645
57 0.578947
76 0.575758
109 0.566667
2 0.565217
59 0.562500
72 0.562500
80 0.562500
101 0.560000
89 0.555556
39 0.555556
53 0.555556
20 0.551724
40 0.548387
10 0.545455
85 0.539474
94 0.538462
58 0.533333
41 0.529412
95 0.529412
67 0.529412
107 0.528571
24 0.520000
33 0.516129
98 0.515152
42 0.515152
35 0.509091
30 0.500000
77 0.500000
31 0.500000
22 0.500000
99 0.500000
13 0.500000
73 0.500000
17 0.500000
47 0.500000
55 0.500000
27 0.491803
78 0.489362
8 0.487805
61 0.487179
11 0.485714
32 0.469251
87 0.468750
66 0.466667
74 0.466667
68 0.465347
56 0.464286
96 0.461538
51 0.461538
9 0.460000
84 0.460000
93 0.458333
45 0.458333
82 0.451613
81 0.448276
50 0.441176
36 0.428571
48 0.428571
104 0.421053
75 0.416667
63 0.416667
90 0.411765
29 0.409091
28 0.400000
12 0.400000
25 0.400000
88 0.380952
3 0.371429
79 0.370370
97 0.368421
64 0.365385
34 0.358974
105 0.358025
5 0.357143
19 0.357143
86 0.357143
106 0.350000
38 0.342857
100 0.333333
46 0.333333
21 0.333333
6 0.333333
102 0.333333
4 0.333333
1 0.333333
52 0.333333
14 0.315789
103 0.307692
65 0.305556
70 0.304348
92 0.291667
26 0.250000
60 0.235294
69 0.200000
49 0.166667
62 0.125000
54 0.111111
