10 1.000000
108 0.814815
104 0.800000
51 0.727273
22 0.722222
101 0.714286
40 0.692308
24 0.684211
26 0.666667
0 0.657143
106 0.656250
72 0.651163
103 0.650000
107 0.638889
18 0.638298
86 0.636364
28 0.625000
25 0.608696
31 0.608696
47 0.600000
97 0.600000
66 0.600000
20 0.595238
99 0.583333
90 0.576923
87 0.571429
27 0.569767
9 0.568966
98 0.558824
78 0.557692
85 0.556701
2 0.555556
23 0.555556
54 0.545455
19 0.545455
53 0.536585
81 0.531250
109 0.527778
80 0.526316
38 0.525000
76 0.523077
100 0.518519
60 0.518519
17 0.516129
32 0.516129
102 0.500000
3 0.500000
44 0.500000
49 0.500000
63 0.500000
83 0.500000
43 0.500000
79 0.500000
13 0.500000
33 0.500000
105 0.489583
61 0.483871
41 0.482143
37 0.481481
29 0.481481
84 0.480769
39 0.476190
59 0.473684
82 0.473684
92 0.470588
8 0.468085
88 0.461538
96 0.461538
71 0.461538
73 0.461538
57 0.459459
48 0.454545
75 0.454545
74 0.448276
68 0.447619
58 0.444444
45 0.438202
56 0.437500
69 0.437500
16 0.437500
95 0.437500
64 0.431373
35 0.431373
42 0.428571
6 0.416667
46 0.404255
5 0.400000
52 0.400000
34 0.390244
11 0.382353
67 0.375000
7 0.375000
36 0.363636
55 0.363636
77 0.360000
65 0.360000
4 0.352941
91 0.347826
50 0.346154
14 0.333333
15 0.333333
89 0.333333
12 0.333333
70 0.333333
93 0.285714
1 0.277778
62 0.222222
94 0.222222
21 0.214286
30 0.200000
