39 0.785714
66 0.722222
83 0.705882
97 0.684211
108 0.676471
71 0.666667
74 0.650000
90 0.647059
103 0.631579
31 0.631579
0 0.625000
106 0.619048
9 0.611940
2 0.611111
20 0.608696
94 0.583333
72 0.582278
57 0.578947
107 0.574468
26 0.571429
25 0.568182
45 0.566667
81 0.561404
30 0.555556
100 0.550000
61 0.550000
14 0.550000
88 0.548387
17 0.545455
79 0.545455
87 0.526316
77 0.520000
84 0.517857
78 0.517241
82 0.513889
96 0.510204
18 0.509804
8 0.504505
22 0.500000
6 0.500000
91 0.500000
23 0.500000
43 0.500000
53 0.500000
59 0.500000
102 0.500000
98 0.500000
11 0.500000
76 0.492958
65 0.490196
86 0.483871
34 0.483120
27 0.481132
109 0.480769
3 0.476923
105 0.469880
5 0.466667
42 0.461538
50 0.458333
60 0.454545
85 0.453488
68 0.452830
35 0.444444
99 0.440000
95 0.428571
37 0.428571
29 0.428571
80 0.421053
24 0.421053
54 0.416667
63 0.416667
16 0.409091
92 0.409091
48 0.409091
44 0.407407
38 0.404255
41 0.400000
70 0.400000
64 0.397436
46 0.395349
73 0.392857
33 0.390244
56 0.388889
89 0.384615
4 0.378378
93 0.375000
40 0.368421
32 0.358974
1 0.352941
49 0.333333
19 0.333333
67 0.333333
13 0.333333
52 0.333333
69 0.333333
101 0.322581
104 0.315789
55 0.300000
58 0.300000
12 0.294118
75 0.285714
47 0.285714
10 0.272727
21 0.266667
15 0.250000
62 0.222222
28 0.200000
51 0.181818
7 0.166667
36 0.000000
