94 0.888889
47 0.777778
23 0.705882
77 0.640000
0 0.636364
97 0.628571
69 0.625000
10 0.583333
109 0.571429
61 0.568182
65 0.555556
43 0.555556
21 0.545455
12 0.545455
22 0.520000
14 0.520000
38 0.520000
95 0.516129
32 0.509091
98 0.509091
26 0.500000
52 0.500000
108 0.500000
2 0.500000
103 0.500000
57 0.500000
25 0.487179
18 0.484848
51 0.476190
87 0.472727
8 0.471698
96 0.470588
46 0.466667
75 0.461538
54 0.461538
78 0.458333
5 0.458333
20 0.457143
28 0.454545
84 0.454545
86 0.447368
34 0.444444
37 0.444444
105 0.443396
99 0.440000
58 0.440000
90 0.437500
31 0.437500
100 0.437500
40 0.434783
35 0.431392
33 0.431373
68 0.430894
59 0.428571
11 0.428571
60 0.428571
106 0.428571
73 0.421875
74 0.419355
66 0.416667
83 0.416667
45 0.414141
72 0.413793
107 0.412698
19 0.411765
88 0.409091
85 0.405797
13 0.400000
55 0.400000
24 0.400000
70 0.400000
44 0.396226
27 0.394231
80 0.393939
41 0.392857
53 0.392857
3 0.390000
4 0.387755
76 0.387097
64 0.382979
9 0.377049
82 0.377049
6 0.375000
102 0.375000
81 0.373333
91 0.368421
48 0.368421
104 0.368421
36 0.363636
71 0.357143
39 0.354839
16 0.352941
50 0.343750
17 0.342857
42 0.340000
15 0.333333
92 0.333333
1 0.315789
49 0.307692
89 0.307692
7 0.300000
93 0.266667
29 0.263158
63 0.250000
30 0.250000
62 0.250000
79 0.225806
101 0.208333
56 0.181818
67 0.090909
