71 1.000000
60 1.000000
23 1.000000
106 1.000000
97 1.000000
100 0.750000
51 0.750000
90 0.666667
94 0.666667
61 0.666667
96 0.666667
39 0.625000
92 0.600000
38 0.600000
70 0.571429
93 0.521739
79 0.500000
108 0.500000
62 0.500000
69 0.500000
10 0.500000
28 0.500000
85 0.444444
32 0.428571
11 0.428571
81 0.428571
86 0.416667
57 0.400000
95 0.400000
7 0.400000
73 0.400000
33 0.363636
35 0.363636
66 0.333333
20 0.333333
24 0.333333
83 0.333333
37 0.333333
107 0.333333
13 0.333333
27 0.333333
44 0.333333
48 0.333333
0 0.333333
25 0.300000
46 0.285714
98 0.285714
76 0.285714
36 0.276074
9 0.272727
68 0.272727
78 0.272727
8 0.263158
42 0.250000
87 0.250000
19 0.250000
74 0.250000
21 0.250000
88 0.250000
22 0.200000
40 0.200000
4 0.200000
31 0.200000
72 0.200000
104 0.200000
65 0.200000
105 0.200000
45 0.200000
109 0.181818
67 0.166667
5 0.166667
12 0.166667
3 0.166667
84 0.166667
50 0.166667
82 0.153846
14 0.142857
29 0.142857
52 0.142857
99 0.142857
56 0.142857
91 0.142857
64 0.111111
41 0.100000
47 0.000000
43 0.000000
58 0.000000
49 0.000000
59 0.000000
89 0.000000
80 0.000000
75 0.000000
53 0.000000
26 0.000000
18 0.000000
17 0.000000
16 0.000000
15 0.000000
77 0.000000
54 0.000000
63 0.000000
101 0.000000
102 0.000000
103 0.000000
6 0.000000
30 0.000000
34 0.000000
2 0.000000
1 0.000000
55 0.000000
