69 1.000000
63 1.000000
6 1.000000
75 1.000000
23 1.000000
89 0.875000
44 0.800000
0 0.800000
72 0.777778
98 0.764706
55 0.750000
32 0.722222
108 0.722222
94 0.714286
24 0.714286
97 0.700000
99 0.666667
50 0.666667
65 0.666667
43 0.666667
56 0.666667
107 0.666667
54 0.666667
8 0.641026
78 0.636364
57 0.636364
53 0.625000
66 0.625000
87 0.625000
73 0.625000
61 0.625000
105 0.611111
85 0.606061
71 0.600000
100 0.600000
59 0.600000
42 0.600000
109 0.600000
68 0.593750
4 0.583333
27 0.578947
76 0.576923
1 0.571429
92 0.571429
39 0.571429
79 0.571429
84 0.562500
86 0.555556
91 0.545455
93 0.538462
31 0.538462
95 0.533333
81 0.533333
41 0.523810
37 0.523026
38 0.520000
19 0.500000
104 0.500000
20 0.500000
10 0.500000
12 0.500000
17 0.500000
80 0.500000
28 0.500000
16 0.500000
15 0.500000
13 0.500000
67 0.500000
22 0.500000
3 0.482759
33 0.481481
96 0.478261
18 0.473684
11 0.470588
58 0.461538
88 0.454545
77 0.444444
64 0.444444
35 0.444444
34 0.428571
90 0.400000
5 0.400000
45 0.391304
82 0.388889
70 0.384615
49 0.375000
48 0.375000
101 0.375000
21 0.375000
29 0.357143
26 0.333333
47 0.333333
62 0.333333
36 0.333333
103 0.333333
14 0.300000
60 0.300000
9 0.300000
106 0.285714
46 0.272727
83 0.272727
7 0.250000
52 0.250000
2 0.250000
25 0.222222
51 0.200000
40 0.200000
74 0.090909
30 0.000000
102 0.000000
