10 0.833333
28 0.750000
61 0.707317
39 0.696970
24 0.687500
51 0.684211
26 0.666667
98 0.647059
40 0.640000
80 0.638889
2 0.636364
21 0.633333
71 0.625000
59 0.619048
20 0.617021
84 0.605263
69 0.600000
36 0.600000
54 0.600000
18 0.595506
77 0.594595
70 0.594595
83 0.590909
0 0.583333
47 0.583333
66 0.578947
42 0.576923
65 0.575000
63 0.571429
78 0.571429
94 0.571429
86 0.568182
87 0.567164
96 0.566265
58 0.565217
8 0.562963
19 0.560000
9 0.553191
92 0.552632
41 0.551282
43 0.545455
109 0.539683
23 0.538462
72 0.533333
50 0.527778
85 0.525180
33 0.525000
27 0.521368
37 0.520000
35 0.520000
46 0.518987
31 0.517241
45 0.512195
17 0.511628
108 0.511628
53 0.509804
38 0.507489
82 0.506494
11 0.500000
60 0.500000
25 0.500000
55 0.500000
22 0.500000
68 0.488095
90 0.476190
105 0.467626
99 0.466667
76 0.466667
74 0.461538
104 0.458333
93 0.454545
103 0.454545
97 0.454545
48 0.448276
57 0.446429
107 0.446429
89 0.444444
88 0.441860
79 0.440000
14 0.434783
30 0.428571
6 0.428571
101 0.424242
16 0.423077
3 0.421875
67 0.421053
100 0.419355
91 0.409091
73 0.406780
34 0.404255
5 0.400000
62 0.400000
4 0.389610
106 0.388889
95 0.384615
13 0.375000
81 0.372093
49 0.363636
56 0.344828
32 0.342857
29 0.340909
1 0.318182
12 0.315789
64 0.311688
44 0.260870
15 0.250000
75 0.250000
102 0.250000
52 0.230769
7 0.200000
