94 1.000000
66 1.000000
43 1.000000
71 1.000000
59 0.833333
11 0.826087
53 0.785714
34 0.785714
0 0.777778
106 0.750000
98 0.733333
65 0.733333
46 0.727273
13 0.727273
61 0.714286
67 0.714286
41 0.709677
38 0.696970
108 0.684211
70 0.681818
63 0.666667
1 0.666667
77 0.666667
7 0.666667
8 0.660000
9 0.656250
104 0.636364
36 0.625000
27 0.617647
74 0.615385
68 0.609756
56 0.600000
14 0.588235
101 0.583333
87 0.578947
97 0.571429
100 0.571429
37 0.571429
88 0.571429
29 0.571429
18 0.562500
85 0.560976
96 0.560000
32 0.555556
109 0.555556
91 0.555556
95 0.538462
84 0.538462
39 0.536458
51 0.533333
48 0.529412
82 0.520000
50 0.500000
2 0.500000
80 0.500000
83 0.500000
47 0.500000
103 0.500000
23 0.500000
52 0.500000
78 0.500000
76 0.500000
62 0.500000
105 0.488372
33 0.476190
42 0.473684
3 0.472222
57 0.461538
64 0.459459
93 0.454545
99 0.444444
81 0.444444
72 0.437500
17 0.434783
58 0.428571
4 0.428571
12 0.428571
73 0.416667
60 0.416667
86 0.411765
16 0.400000
31 0.400000
22 0.400000
40 0.400000
107 0.400000
90 0.400000
54 0.375000
45 0.357143
35 0.354839
44 0.333333
89 0.333333
55 0.333333
92 0.333333
79 0.333333
75 0.333333
25 0.333333
5 0.333333
10 0.333333
24 0.300000
19 0.285714
15 0.250000
49 0.250000
30 0.200000
26 0.200000
21 0.166667
20 0.142857
6 0.000000
28 0.000000
102 0.000000
69 0.000000
