43 1.000000
10 1.000000
75 1.000000
94 0.846154
23 0.833333
60 0.800000
98 0.785714
100 0.750000
0 0.727273
3 0.700000
106 0.692308
33 0.692308
49 0.666667
66 0.666667
21 0.666667
19 0.666667
63 0.666667
38 0.640000
87 0.625000
57 0.625000
17 0.619048
31 0.600000
7 0.600000
99 0.600000
104 0.555556
9 0.551724
32 0.548387
27 0.547619
16 0.545455
45 0.545455
61 0.545455
81 0.545455
78 0.523810
96 0.520000
84 0.518519
65 0.517241
64 0.516129
88 0.500000
89 0.500000
95 0.500000
47 0.500000
53 0.500000
101 0.500000
97 0.500000
72 0.500000
109 0.480000
73 0.478261
29 0.461538
40 0.460759
42 0.450000
85 0.444444
70 0.437500
35 0.434783
68 0.431373
8 0.428571
13 0.428571
18 0.419355
41 0.416667
108 0.416667
77 0.416667
105 0.405405
62 0.400000
39 0.400000
91 0.400000
59 0.400000
80 0.400000
26 0.400000
46 0.391304
24 0.384615
25 0.384615
48 0.384615
5 0.375000
22 0.375000
4 0.370370
11 0.368421
34 0.368421
86 0.363636
44 0.363636
51 0.363636
14 0.333333
1 0.333333
76 0.333333
12 0.333333
74 0.333333
71 0.333333
52 0.333333
30 0.333333
20 0.333333
50 0.333333
103 0.333333
107 0.304348
92 0.285714
83 0.285714
69 0.250000
79 0.250000
67 0.250000
82 0.240000
90 0.222222
58 0.222222
37 0.200000
36 0.200000
56 0.181818
93 0.153846
2 0.083333
102 0.000000
54 0.000000
15 0.000000
6 0.000000
28 0.000000
55 0.000000
