103 0.777778
39 0.709677
84 0.632353
0 0.628571
30 0.625000
83 0.625000
18 0.622449
98 0.613636
51 0.611111
20 0.608696
5 0.608696
31 0.600000
50 0.589744
48 0.589744
17 0.588235
99 0.588235
87 0.586207
100 0.578947
22 0.576923
108 0.576923
10 0.571429
69 0.566667
107 0.555556
38 0.551282
59 0.550000
97 0.550000
60 0.547619
78 0.546875
96 0.544118
27 0.540984
63 0.538462
67 0.538462
66 0.533333
26 0.533333
72 0.532258
32 0.529412
77 0.527778
52 0.526316
37 0.523810
81 0.522388
53 0.520833
82 0.516484
14 0.514286
109 0.514286
101 0.511628
73 0.509434
85 0.503226
61 0.500000
13 0.500000
42 0.500000
28 0.500000
23 0.500000
65 0.500000
47 0.500000
57 0.500000
80 0.485714
41 0.484202
8 0.482270
33 0.482143
24 0.481481
56 0.480000
43 0.476190
91 0.476190
105 0.470149
70 0.459459
93 0.454545
46 0.450704
68 0.450331
76 0.442308
45 0.440678
19 0.440000
11 0.439024
2 0.433333
25 0.423077
40 0.416667
94 0.416667
89 0.416667
12 0.416667
4 0.413043
106 0.410256
9 0.408451
64 0.402299
102 0.400000
34 0.400000
6 0.400000
16 0.400000
3 0.393617
35 0.392857
44 0.388889
54 0.384615
74 0.375000
90 0.368421
7 0.363636
49 0.363636
104 0.363636
21 0.352941
71 0.346154
79 0.341463
75 0.333333
62 0.333333
15 0.333333
1 0.333333
29 0.325581
92 0.323529
58 0.318182
88 0.297297
86 0.289474
95 0.258065
55 0.166667
36 0.100000
