6 1.000000
95 0.900000
30 0.833333
12 0.818182
21 0.818182
47 0.818182
7 0.800000
69 0.777778
52 0.750000
18 0.744186
97 0.739130
66 0.733333
94 0.727273
106 0.724138
54 0.714286
61 0.703704
109 0.703704
100 0.700000
0 0.687500
77 0.681818
8 0.677083
107 0.675000
55 0.666667
15 0.666667
43 0.666667
31 0.666667
2 0.666667
53 0.645833
65 0.642857
63 0.636364
24 0.631579
73 0.625000
26 0.625000
48 0.625000
11 0.620690
80 0.619048
27 0.617391
60 0.612903
72 0.612903
81 0.611940
46 0.609756
78 0.608696
37 0.600000
14 0.600000
98 0.600000
85 0.595238
93 0.590909
20 0.586207
86 0.580645
17 0.576923
38 0.576923
3 0.576577
51 0.571429
96 0.568966
42 0.567394
105 0.560000
44 0.560000
84 0.557692
23 0.550000
92 0.545455
9 0.542857
71 0.538462
1 0.535714
50 0.535714
70 0.534884
19 0.533333
82 0.533333
108 0.531250
16 0.526316
13 0.523810
88 0.521739
83 0.518519
32 0.515152
87 0.511628
68 0.507937
57 0.500000
76 0.500000
56 0.500000
62 0.500000
79 0.500000
41 0.500000
90 0.500000
91 0.500000
25 0.481481
74 0.476190
22 0.476190
39 0.473684
104 0.466667
4 0.466667
29 0.466667
45 0.465517
103 0.461538
34 0.461538
101 0.461538
58 0.454545
64 0.452381
40 0.450000
5 0.444444
10 0.428571
28 0.428571
33 0.428571
59 0.400000
89 0.400000
75 0.375000
35 0.340000
99 0.333333
36 0.250000
102 0.166667
49 0.111111
67 0.100000
