40 1.000000
6 1.000000
39 1.000000
51 0.857143
97 0.800000
98 0.769231
94 0.750000
69 0.750000
61 0.750000
92 0.750000
19 0.750000
8 0.743590
32 0.736842
57 0.727273
22 0.714286
102 0.714286
11 0.714286
0 0.700000
42 0.666667
13 0.666667
10 0.666667
104 0.666667
63 0.666667
28 0.666667
37 0.666667
58 0.666667
25 0.656250
44 0.642857
101 0.636364
46 0.636364
64 0.629630
17 0.615385
74 0.615385
65 0.615385
76 0.608696
31 0.600000
75 0.600000
82 0.600000
73 0.600000
89 0.600000
24 0.583333
109 0.578947
27 0.578947
14 0.571429
86 0.571429
83 0.571429
66 0.555556
1 0.555556
35 0.555556
108 0.545455
100 0.545455
38 0.545455
43 0.544615
9 0.523810
3 0.516129
56 0.500000
99 0.500000
33 0.500000
96 0.500000
53 0.500000
60 0.500000
91 0.500000
87 0.500000
48 0.500000
85 0.500000
47 0.500000
45 0.500000
67 0.500000
68 0.500000
21 0.500000
70 0.500000
34 0.500000
81 0.500000
77 0.500000
18 0.500000
16 0.500000
15 0.500000
41 0.476190
107 0.470588
71 0.461538
50 0.450000
88 0.444444
78 0.437500
4 0.437500
72 0.437500
84 0.434783
20 0.428571
59 0.428571
95 0.375000
12 0.375000
80 0.363636
103 0.363636
55 0.333333
5 0.333333
106 0.333333
90 0.333333
105 0.322581
23 0.285714
93 0.272727
52 0.250000
79 0.250000
54 0.200000
29 0.166667
49 0.000000
36 0.000000
26 0.000000
30 0.000000
7 0.000000
62 0.000000
2 0.000000
