51 1.000000
15 1.000000
62 1.000000
59 0.833333
94 0.800000
37 0.800000
95 0.785714
2 0.777778
12 0.750000
83 0.666667
100 0.666667
32 0.666667
20 0.650000
57 0.647059
0 0.647059
43 0.642857
17 0.636364
69 0.636364
109 0.625000
84 0.620000
46 0.617647
55 0.600000
63 0.600000
89 0.600000
19 0.600000
53 0.586207
98 0.583333
65 0.583333
74 0.583333
81 0.571429
103 0.571429
97 0.571429
77 0.571429
78 0.566667
85 0.562500
9 0.560976
42 0.560000
11 0.555556
107 0.555556
21 0.555556
14 0.538462
105 0.531915
76 0.527778
73 0.526316
82 0.526316
45 0.522727
87 0.520000
66 0.500000
23 0.500000
49 0.500000
61 0.500000
13 0.500000
31 0.500000
33 0.500000
108 0.500000
92 0.500000
70 0.500000
93 0.500000
58 0.500000
8 0.486111
44 0.484970
29 0.470588
79 0.466667
86 0.466667
22 0.461538
64 0.446809
18 0.444444
99 0.437500
68 0.435484
101 0.428571
52 0.428571
3 0.419355
34 0.407407
1 0.400000
67 0.400000
25 0.400000
35 0.396226
16 0.388889
41 0.388889
56 0.384615
40 0.363636
27 0.347826
60 0.347826
28 0.333333
96 0.333333
36 0.333333
47 0.333333
39 0.333333
72 0.333333
88 0.333333
91 0.333333
4 0.304348
106 0.285714
6 0.285714
38 0.260870
5 0.250000
104 0.250000
48 0.250000
24 0.250000
90 0.250000
26 0.250000
80 0.235294
50 0.214286
30 0.200000
75 0.200000
7 0.166667
10 0.166667
71 0.142857
102 0.000000
54 0.000000
