58 0.680000
18 0.620253
71 0.615385
108 0.611111
23 0.608696
83 0.600000
104 0.575000
94 0.571429
34 0.566667
53 0.566667
89 0.562500
14 0.558140
69 0.555556
72 0.554217
109 0.550725
5 0.548387
84 0.546392
8 0.545455
40 0.545455
98 0.542857
87 0.539474
20 0.537037
99 0.535714
78 0.524390
55 0.523810
54 0.523810
44 0.522727
30 0.521739
107 0.520000
80 0.520000
85 0.518519
31 0.516129
91 0.516129
22 0.515152
38 0.512195
65 0.509259
86 0.507463
43 0.500000
66 0.500000
90 0.500000
13 0.500000
81 0.500000
9 0.496503
50 0.490566
48 0.488372
27 0.487952
95 0.487805
61 0.483871
68 0.483660
24 0.481481
51 0.480000
103 0.478261
45 0.477917
11 0.477612
74 0.473684
105 0.473684
88 0.472222
0 0.466667
19 0.466667
42 0.465517
16 0.463415
93 0.461538
46 0.460526
32 0.458333
73 0.456790
76 0.455285
64 0.450382
56 0.450000
26 0.444444
47 0.444444
41 0.440678
57 0.438596
33 0.438202
2 0.435897
49 0.434783
21 0.434783
79 0.432432
3 0.429412
96 0.428571
17 0.426667
77 0.423077
82 0.421053
29 0.419355
97 0.419355
35 0.414141
25 0.413793
4 0.413043
59 0.411765
101 0.404762
92 0.400000
7 0.400000
52 0.400000
37 0.391304
60 0.388889
106 0.386364
63 0.380952
6 0.363636
102 0.363636
100 0.360000
39 0.357143
28 0.333333
12 0.315789
70 0.307692
67 0.304348
10 0.285714
62 0.266667
15 0.250000
36 0.200000
75 0.200000
1 0.166667
