39 0.727273
26 0.714286
13 0.714286
49 0.714286
107 0.695652
62 0.666667
97 0.666667
22 0.666667
72 0.638889
98 0.638298
43 0.636364
57 0.631579
95 0.631579
44 0.617647
42 0.609756
84 0.600000
109 0.600000
104 0.588235
103 0.571429
59 0.571429
8 0.570175
0 0.555556
18 0.551724
88 0.550000
66 0.545455
100 0.545455
50 0.538462
108 0.538462
23 0.533333
53 0.531250
93 0.531250
106 0.529412
105 0.526882
96 0.521739
38 0.518987
82 0.518519
48 0.518519
73 0.513514
65 0.508475
55 0.500000
74 0.500000
30 0.500000
102 0.500000
3 0.500000
87 0.500000
31 0.500000
85 0.489796
91 0.481481
14 0.480000
71 0.478261
46 0.474239
25 0.473684
17 0.473684
35 0.466667
11 0.463415
45 0.460526
9 0.457627
101 0.457143
81 0.450980
41 0.450704
51 0.450000
61 0.448276
67 0.444444
76 0.444444
94 0.444444
86 0.441176
27 0.436782
19 0.434783
75 0.428571
83 0.419355
10 0.416667
12 0.416667
21 0.411765
33 0.404255
58 0.400000
92 0.400000
24 0.400000
4 0.395349
34 0.395349
68 0.394958
40 0.391304
77 0.388889
80 0.387097
79 0.375000
29 0.371429
16 0.368421
70 0.363636
54 0.357143
63 0.357143
60 0.352941
64 0.347826
28 0.333333
32 0.333333
5 0.333333
89 0.300000
36 0.285714
99 0.277778
52 0.272727
37 0.272727
2 0.272727
56 0.263158
90 0.263158
78 0.261905
69 0.250000
7 0.250000
1 0.222222
6 0.200000
20 0.187500
15 0.000000
47 0.000000
