55 1.000000
103 1.000000
74 1.000000
20 1.000000
51 1.000000
5 1.000000
23 1.000000
14 1.000000
109 0.857143
65 0.833333
42 0.818182
87 0.800000
53 0.800000
35 0.777778
61 0.750000
11 0.750000
107 0.750000
78 0.727273
66 0.666667
2 0.666667
108 0.666667
57 0.625000
97 0.625000
80 0.625000
77 0.600000
93 0.600000
84 0.600000
16 0.600000
101 0.600000
33 0.600000
38 0.583333
85 0.538462
105 0.538462
32 0.500000
79 0.500000
88 0.500000
86 0.500000
81 0.500000
82 0.500000
39 0.500000
40 0.500000
41 0.500000
28 0.500000
43 0.500000
1 0.500000
83 0.500000
15 0.500000
63 0.500000
48 0.500000
62 0.500000
24 0.500000
59 0.500000
10 0.500000
9 0.500000
0 0.500000
68 0.470588
47 0.462069
96 0.461538
76 0.454545
45 0.444444
3 0.444444
64 0.428571
60 0.400000
4 0.375000
17 0.333333
27 0.333333
12 0.333333
104 0.333333
58 0.333333
37 0.333333
22 0.333333
92 0.333333
75 0.333333
44 0.333333
8 0.315789
72 0.300000
70 0.300000
25 0.285714
34 0.285714
71 0.285714
73 0.250000
18 0.250000
50 0.250000
99 0.200000
98 0.142857
19 0.142857
29 0.142857
6 0.000000
21 0.000000
89 0.000000
90 0.000000
91 0.000000
26 0.000000
7 0.000000
94 0.000000
95 0.000000
30 0.000000
31 0.000000
36 0.000000
69 0.000000
100 0.000000
67 0.000000
102 0.000000
46 0.000000
49 0.000000
52 0.000000
106 0.000000
13 0.000000
56 0.000000
54 0.000000
