12 0.875000
97 0.846154
31 0.800000
83 0.800000
81 0.789474
7 0.777778
99 0.760000
28 0.750000
100 0.733333
56 0.720000
10 0.714286
63 0.714286
25 0.703704
51 0.700000
72 0.692308
61 0.684211
50 0.666667
77 0.666667
96 0.666667
88 0.666667
0 0.666667
91 0.666667
14 0.642857
42 0.625000
49 0.625000
54 0.625000
16 0.600000
68 0.600000
23 0.600000
82 0.600000
41 0.589744
98 0.588235
22 0.583333
8 0.583333
18 0.580645
53 0.571429
85 0.571429
24 0.571429
57 0.565217
104 0.555556
71 0.545455
103 0.545455
60 0.545455
75 0.545455
90 0.545455
27 0.531915
69 0.529412
39 0.529412
108 0.526316
84 0.521739
76 0.521739
48 0.520833
46 0.518519
2 0.500000
70 0.500000
47 0.500000
52 0.500000
43 0.500000
5 0.500000
107 0.500000
6 0.500000
94 0.500000
45 0.488372
64 0.481481
87 0.470588
20 0.466667
67 0.454545
33 0.454545
101 0.450000
17 0.450000
4 0.448276
38 0.448276
65 0.444444
105 0.431373
32 0.428571
26 0.428571
9 0.428571
62 0.428571
78 0.428571
66 0.428571
80 0.428571
3 0.428571
109 0.424242
73 0.421053
106 0.416667
19 0.416667
34 0.409091
21 0.400000
59 0.400000
40 0.384615
1 0.384615
92 0.375000
37 0.375000
35 0.368421
102 0.333333
79 0.333333
36 0.333333
11 0.318182
93 0.307692
29 0.294118
86 0.277778
74 0.263158
89 0.250000
44 0.250000
55 0.250000
95 0.181818
30 0.125000
13 0.125000
58 0.111111
15 0.000000
