55 1.000000
94 1.000000
71 1.000000
15 1.000000
91 1.000000
88 1.000000
52 1.000000
58 0.833333
7 0.833333
11 0.800000
54 0.750000
2 0.750000
17 0.727273
18 0.714286
92 0.714286
46 0.714286
109 0.700000
20 0.700000
24 0.666667
74 0.666667
40 0.666667
101 0.666667
48 0.625000
56 0.600000
87 0.600000
105 0.576923
0 0.571429
50 0.571429
107 0.571429
86 0.571429
64 0.571429
77 0.555556
53 0.555556
104 0.545455
68 0.541667
84 0.538462
3 0.533333
65 0.529412
99 0.500000
98 0.500000
6 0.500000
63 0.500000
100 0.500000
90 0.500000
44 0.500000
72 0.500000
75 0.500000
23 0.500000
103 0.500000
33 0.500000
81 0.500000
51 0.500000
12 0.500000
67 0.500000
57 0.500000
9 0.454545
49 0.447115
82 0.437500
45 0.434783
93 0.428571
8 0.421053
78 0.416667
5 0.400000
31 0.400000
21 0.400000
73 0.384615
16 0.375000
37 0.375000
95 0.375000
38 0.363636
41 0.363636
96 0.333333
85 0.333333
83 0.333333
106 0.333333
19 0.333333
89 0.333333
59 0.333333
34 0.333333
102 0.333333
80 0.333333
35 0.307692
4 0.300000
60 0.300000
76 0.294118
97 0.285714
14 0.285714
39 0.250000
22 0.250000
1 0.200000
25 0.200000
69 0.200000
61 0.200000
108 0.166667
32 0.166667
13 0.166667
27 0.111111
42 0.111111
70 0.100000
28 0.000000
36 0.000000
29 0.000000
79 0.000000
47 0.000000
30 0.000000
62 0.000000
26 0.000000
66 0.000000
43 0.000000
10 0.000000
