102 0.750000
16 0.750000
93 0.750000
77 0.750000
24 0.692308
81 0.687500
28 0.666667
71 0.666667
48 0.666667
21 0.666667
37 0.666667
84 0.647059
20 0.636364
0 0.625000
78 0.600000
94 0.600000
109 0.600000
51 0.600000
22 0.590909
41 0.589744
83 0.588235
58 0.583333
57 0.578947
19 0.571429
49 0.571429
56 0.571429
103 0.562500
98 0.562500
46 0.538462
106 0.538462
97 0.538462
74 0.538462
42 0.535714
11 0.529412
38 0.527778
18 0.526316
76 0.525000
3 0.508197
39 0.500000
9 0.500000
75 0.500000
8 0.500000
90 0.500000
61 0.500000
60 0.500000
54 0.500000
70 0.500000
53 0.500000
10 0.500000
101 0.500000
69 0.500000
45 0.490566
108 0.470588
50 0.470226
27 0.465517
64 0.461538
96 0.461538
34 0.458333
88 0.454545
100 0.454545
43 0.450000
31 0.444444
14 0.444444
32 0.441176
65 0.440000
25 0.434783
73 0.434783
4 0.434783
68 0.431373
66 0.428571
105 0.428571
29 0.428571
5 0.428571
86 0.421053
79 0.416667
23 0.416667
85 0.403846
1 0.400000
95 0.400000
99 0.380952
92 0.375000
107 0.370370
72 0.368421
2 0.357143
33 0.346154
35 0.343750
87 0.333333
6 0.333333
55 0.333333
40 0.333333
30 0.333333
91 0.333333
104 0.272727
52 0.272727
59 0.250000
47 0.250000
26 0.250000
67 0.250000
44 0.214286
80 0.200000
7 0.200000
82 0.192308
36 0.166667
63 0.166667
12 0.142857
15 0.000000
13 0.000000
17 0.000000
89 0.000000
62 0.000000
