47 1.000000
44 1.000000
89 1.000000
62 1.000000
43 0.857143
23 0.833333
98 0.812500
63 0.800000
57 0.800000
19 0.800000
83 0.800000
9 0.761905
75 0.750000
67 0.750000
88 0.750000
30 0.750000
36 0.750000
33 0.727273
18 0.720000
81 0.714286
100 0.700000
48 0.700000
38 0.684211
105 0.675676
94 0.666667
95 0.666667
0 0.666667
31 0.666667
78 0.636364
86 0.625000
109 0.611111
41 0.611111
79 0.600000
72 0.600000
12 0.600000
56 0.600000
50 0.600000
8 0.588235
97 0.583333
1 0.583333
2 0.583333
13 0.571429
42 0.571429
99 0.571429
24 0.571429
17 0.571429
85 0.564103
61 0.562500
70 0.555556
25 0.545455
90 0.545455
39 0.533333
51 0.532110
10 0.500000
82 0.500000
22 0.500000
106 0.500000
7 0.500000
107 0.500000
28 0.500000
74 0.500000
87 0.500000
102 0.500000
5 0.500000
64 0.500000
108 0.500000
96 0.500000
14 0.500000
68 0.500000
69 0.500000
49 0.500000
84 0.480000
45 0.480000
35 0.476190
73 0.473684
65 0.470588
32 0.461538
60 0.461538
11 0.461538
53 0.454545
46 0.450000
52 0.444444
26 0.428571
76 0.423077
80 0.411765
20 0.400000
54 0.400000
29 0.400000
27 0.400000
40 0.363636
93 0.363636
4 0.333333
103 0.333333
55 0.333333
6 0.333333
3 0.307692
91 0.285714
66 0.285714
101 0.250000
16 0.250000
58 0.250000
59 0.222222
104 0.222222
71 0.200000
37 0.200000
34 0.181818
21 0.166667
77 0.142857
92 0.000000
15 0.000000
