10 1.000000
49 1.000000
102 1.000000
28 1.000000
94 0.750000
2 0.750000
42 0.750000
67 0.666667
103 0.666667
31 0.666667
97 0.666667
18 0.642857
65 0.636364
82 0.625000
0 0.625000
83 0.600000
69 0.600000
77 0.600000
12 0.600000
98 0.583333
107 0.571429
61 0.571429
80 0.555556
85 0.538462
53 0.538462
73 0.538462
41 0.526316
71 0.500000
14 0.500000
7 0.500000
6 0.500000
55 0.500000
21 0.500000
70 0.500000
104 0.500000
35 0.500000
48 0.500000
108 0.500000
23 0.500000
39 0.500000
64 0.478261
4 0.461538
72 0.461538
81 0.461538
17 0.444444
99 0.444444
51 0.444444
59 0.444444
100 0.444444
86 0.428571
93 0.428571
44 0.428571
87 0.428571
52 0.409483
27 0.407407
88 0.400000
101 0.400000
30 0.400000
45 0.400000
33 0.400000
13 0.400000
8 0.392857
68 0.387097
84 0.375000
76 0.363636
34 0.333333
32 0.333333
79 0.333333
57 0.333333
25 0.333333
24 0.333333
58 0.333333
78 0.333333
105 0.333333
40 0.333333
74 0.300000
20 0.285714
11 0.285714
50 0.272727
46 0.272727
109 0.272727
95 0.250000
96 0.250000
9 0.250000
43 0.250000
15 0.250000
5 0.250000
37 0.250000
60 0.250000
38 0.230769
3 0.222222
16 0.200000
19 0.200000
89 0.200000
66 0.200000
106 0.166667
36 0.142857
54 0.111111
92 0.111111
91 0.000000
56 0.000000
47 0.000000
90 0.000000
63 0.000000
29 0.000000
26 0.000000
62 0.000000
22 0.000000
1 0.000000
75 0.000000
