47 0.800000
39 0.785714
24 0.785714
18 0.736842
66 0.727273
59 0.687500
86 0.678571
23 0.666667
95 0.666667
87 0.666667
42 0.645833
88 0.641026
13 0.636364
94 0.636364
109 0.633333
37 0.625000
89 0.625000
83 0.615385
67 0.615385
8 0.607143
82 0.604167
26 0.600000
91 0.600000
74 0.592593
44 0.586207
79 0.578947
0 0.571429
15 0.571429
48 0.571429
70 0.568627
45 0.566667
20 0.565217
99 0.562500
49 0.555556
103 0.555556
32 0.555556
68 0.553719
108 0.548387
107 0.540541
21 0.538462
52 0.538462
97 0.538462
84 0.536585
33 0.536585
65 0.534483
46 0.531250
98 0.529412
71 0.526316
27 0.523810
14 0.523810
69 0.523810
81 0.522727
41 0.520833
25 0.518519
64 0.513889
53 0.513583
9 0.511628
38 0.509804
76 0.506024
60 0.500000
101 0.500000
62 0.500000
56 0.500000
54 0.500000
43 0.500000
40 0.500000
2 0.500000
104 0.500000
106 0.500000
29 0.500000
34 0.500000
50 0.500000
93 0.482759
3 0.481928
96 0.473684
80 0.468750
72 0.461538
77 0.461538
85 0.458824
105 0.457831
11 0.457143
51 0.454545
12 0.454545
100 0.444444
61 0.419355
55 0.416667
10 0.416667
78 0.404762
22 0.400000
35 0.392857
4 0.387097
73 0.384615
31 0.380952
75 0.375000
57 0.370370
58 0.357143
6 0.333333
28 0.333333
92 0.333333
16 0.333333
90 0.312500
19 0.307692
1 0.307692
30 0.300000
5 0.300000
17 0.285714
63 0.222222
7 0.166667
102 0.166667
36 0.000000
