77 1.000000
103 1.000000
7 1.000000
101 1.000000
83 0.833333
2 0.750000
49 0.750000
99 0.750000
42 0.714286
14 0.714286
73 0.687500
24 0.666667
37 0.666667
6 0.666667
58 0.666667
80 0.625000
109 0.625000
29 0.625000
104 0.625000
48 0.625000
88 0.600000
5 0.600000
38 0.600000
66 0.600000
60 0.600000
59 0.571429
31 0.571429
84 0.545455
33 0.545455
68 0.527778
45 0.523810
71 0.500000
87 0.500000
16 0.500000
65 0.500000
86 0.500000
23 0.500000
97 0.500000
18 0.500000
102 0.500000
56 0.500000
0 0.500000
21 0.500000
53 0.500000
50 0.500000
92 0.500000
108 0.500000
85 0.500000
27 0.478261
81 0.473684
35 0.461538
96 0.461538
9 0.428571
100 0.428571
54 0.419643
34 0.416667
22 0.400000
51 0.400000
3 0.400000
8 0.400000
78 0.384615
41 0.384615
82 0.384615
39 0.375000
76 0.375000
106 0.363636
11 0.363636
46 0.357143
61 0.352941
13 0.333333
95 0.333333
57 0.333333
72 0.333333
105 0.333333
94 0.333333
64 0.333333
93 0.333333
26 0.333333
107 0.333333
25 0.285714
74 0.285714
98 0.285714
17 0.250000
63 0.250000
20 0.250000
75 0.200000
4 0.200000
91 0.200000
30 0.200000
43 0.200000
89 0.166667
70 0.142857
1 0.142857
69 0.142857
79 0.125000
32 0.111111
52 0.111111
19 0.000000
47 0.000000
10 0.000000
15 0.000000
67 0.000000
90 0.000000
62 0.000000
36 0.000000
40 0.000000
28 0.000000
44 0.000000
12 0.000000
55 0.000000
