49 1.000000
47 1.000000
7 1.000000
5 1.000000
30 1.000000
24 0.833333
0 0.800000
67 0.750000
80 0.750000
37 0.750000
73 0.750000
12 0.750000
16 0.750000
17 0.750000
88 0.714286
14 0.666667
13 0.666667
69 0.666667
74 0.666667
42 0.666667
10 0.666667
56 0.666667
81 0.666667
95 0.666667
82 0.666667
59 0.666667
6 0.666667
87 0.636364
18 0.625000
44 0.600000
107 0.600000
19 0.600000
70 0.583333
11 0.571429
106 0.571429
86 0.571429
104 0.571429
79 0.571429
99 0.555556
57 0.555556
72 0.545455
108 0.533333
84 0.526316
45 0.523810
76 0.500000
75 0.500000
46 0.500000
38 0.500000
15 0.500000
101 0.500000
96 0.500000
94 0.500000
52 0.500000
32 0.500000
62 0.500000
66 0.500000
102 0.500000
3 0.500000
93 0.500000
91 0.500000
60 0.500000
63 0.500000
68 0.478261
55 0.473684
78 0.454545
61 0.444444
8 0.444444
105 0.428571
25 0.428571
83 0.428571
98 0.428571
27 0.428571
21 0.428571
53 0.416667
35 0.400000
9 0.400000
92 0.400000
103 0.400000
33 0.363636
20 0.333333
64 0.333333
28 0.333333
43 0.333333
39 0.333333
50 0.333333
23 0.333333
31 0.333333
51 0.333333
65 0.333333
34 0.300000
48 0.250000
29 0.250000
85 0.238095
109 0.200000
4 0.166667
41 0.166667
26 0.166667
1 0.142857
36 0.000000
77 0.000000
97 0.000000
40 0.000000
22 0.000000
71 0.000000
54 0.000000
58 0.000000
89 0.000000
2 0.000000
100 0.000000
90 0.000000
