31 0.818182
7 0.727273
48 0.720000
79 0.714286
17 0.684211
98 0.666667
22 0.666667
37 0.666667
99 0.666667
55 0.666667
94 0.666667
20 0.642857
61 0.642857
66 0.625000
18 0.615385
16 0.600000
9 0.600000
39 0.600000
78 0.600000
49 0.600000
51 0.600000
25 0.590909
77 0.583333
83 0.583333
89 0.571429
50 0.571429
92 0.555556
101 0.555556
76 0.543478
72 0.529412
108 0.517241
6 0.500000
107 0.500000
5 0.500000
82 0.500000
2 0.500000
53 0.500000
28 0.500000
15 0.500000
10 0.500000
54 0.500000
75 0.500000
42 0.500000
43 0.500000
85 0.488889
41 0.480000
65 0.468750
32 0.464286
97 0.461538
84 0.457143
27 0.454545
60 0.454545
45 0.450000
59 0.444444
70 0.444444
95 0.437500
93 0.437500
33 0.437500
56 0.432802
80 0.428571
0 0.428571
96 0.423077
4 0.411765
3 0.409091
8 0.407407
69 0.400000
58 0.400000
90 0.400000
34 0.388889
44 0.384615
29 0.368421
86 0.368421
109 0.363636
106 0.363636
104 0.352941
38 0.344828
105 0.340909
11 0.333333
24 0.333333
26 0.333333
81 0.333333
13 0.300000
19 0.285714
67 0.285714
64 0.275000
1 0.272727
46 0.263158
88 0.260870
23 0.250000
103 0.250000
91 0.250000
21 0.250000
100 0.250000
68 0.250000
87 0.250000
73 0.222222
30 0.222222
14 0.222222
74 0.200000
40 0.181818
35 0.181818
71 0.166667
12 0.142857
36 0.142857
57 0.000000
47 0.000000
63 0.000000
62 0.000000
52 0.000000
102 0.000000
