15 1.000000
12 0.800000
51 0.800000
106 0.800000
74 0.736842
43 0.727273
0 0.714286
71 0.700000
20 0.695652
97 0.692308
78 0.692308
99 0.692308
66 0.692308
109 0.692308
77 0.687500
79 0.666667
28 0.666667
96 0.657143
83 0.652174
98 0.648649
27 0.648148
61 0.647059
44 0.647059
18 0.647059
23 0.642857
37 0.636364
46 0.631579
47 0.625000
30 0.625000
40 0.625000
2 0.615385
59 0.611111
84 0.609756
87 0.594595
108 0.588235
50 0.578947
34 0.578947
32 0.578947
75 0.571429
48 0.565217
11 0.560000
72 0.558824
76 0.558442
100 0.555556
55 0.555556
3 0.551724
63 0.545455
81 0.541667
68 0.539326
19 0.538462
107 0.535714
80 0.535714
60 0.533333
95 0.533333
57 0.524962
101 0.523810
85 0.515152
8 0.513514
42 0.500000
35 0.500000
41 0.500000
88 0.500000
7 0.500000
49 0.500000
65 0.500000
16 0.480000
4 0.479167
64 0.478261
24 0.473684
13 0.461538
39 0.461538
33 0.459459
70 0.456522
29 0.454545
105 0.448276
38 0.446429
89 0.444444
45 0.438596
22 0.437500
92 0.434783
21 0.428571
67 0.428571
26 0.428571
10 0.416667
90 0.416667
9 0.413043
82 0.400000
102 0.400000
36 0.400000
86 0.384615
25 0.380952
94 0.375000
73 0.375000
69 0.375000
53 0.370370
93 0.363636
14 0.357143
91 0.352941
5 0.333333
52 0.333333
58 0.333333
62 0.333333
54 0.333333
104 0.318182
31 0.307692
1 0.285714
6 0.285714
17 0.250000
103 0.200000
56 0.000000
