26 1.000000
61 1.000000
102 1.000000
59 0.875000
79 0.875000
31 0.857143
49 0.833333
24 0.833333
71 0.800000
93 0.750000
75 0.750000
0 0.750000
95 0.714286
1 0.714286
73 0.692308
45 0.680000
54 0.666667
108 0.666667
65 0.666667
43 0.666667
88 0.642857
60 0.636364
87 0.636364
96 0.615385
19 0.600000
72 0.600000
12 0.600000
14 0.600000
100 0.600000
3 0.600000
25 0.592593
50 0.583333
97 0.571429
106 0.571429
85 0.571429
82 0.566667
38 0.565217
29 0.545455
83 0.538462
32 0.533333
27 0.533333
70 0.500000
67 0.500000
13 0.500000
44 0.500000
28 0.500000
66 0.500000
6 0.500000
62 0.500000
5 0.500000
91 0.500000
18 0.500000
22 0.500000
11 0.500000
89 0.500000
109 0.500000
8 0.487805
58 0.483680
4 0.473684
98 0.473684
84 0.470588
17 0.461538
99 0.461538
16 0.461538
37 0.461538
74 0.454545
94 0.454545
42 0.454545
105 0.452381
104 0.444444
33 0.444444
35 0.440000
39 0.428571
81 0.421053
77 0.416667
86 0.400000
90 0.400000
46 0.400000
103 0.400000
56 0.400000
69 0.400000
68 0.400000
80 0.375000
107 0.375000
2 0.375000
9 0.363636
21 0.363636
53 0.357143
78 0.357143
76 0.354839
64 0.343750
23 0.333333
57 0.333333
47 0.333333
15 0.333333
52 0.333333
41 0.318182
20 0.307692
34 0.300000
101 0.250000
51 0.250000
40 0.222222
30 0.200000
10 0.200000
92 0.181818
48 0.111111
63 0.000000
36 0.000000
55 0.000000
7 0.000000
