15 1.000000
86 1.000000
108 0.882353
58 0.875000
39 0.833333
44 0.833333
100 0.800000
17 0.777778
88 0.750000
26 0.750000
71 0.750000
101 0.714286
66 0.714286
107 0.692308
53 0.687500
103 0.666667
14 0.666667
10 0.666667
87 0.666667
55 0.666667
61 0.625000
99 0.625000
60 0.625000
18 0.619048
38 0.619048
98 0.615385
97 0.615385
0 0.615385
57 0.611111
37 0.600000
46 0.571429
94 0.571429
54 0.571429
32 0.562500
91 0.555556
41 0.550000
106 0.545455
64 0.538462
11 0.533333
83 0.500000
79 0.500000
92 0.500000
77 0.500000
76 0.500000
74 0.500000
12 0.500000
31 0.500000
47 0.500000
34 0.500000
63 0.500000
20 0.500000
93 0.500000
22 0.500000
109 0.500000
65 0.481481
105 0.480000
59 0.479290
82 0.476190
33 0.473684
9 0.470588
78 0.466667
8 0.458333
56 0.444444
3 0.444444
52 0.444444
95 0.437500
67 0.428571
68 0.428571
80 0.428571
90 0.428571
19 0.428571
35 0.428571
43 0.428571
27 0.423077
81 0.416667
72 0.411765
45 0.411765
48 0.400000
40 0.400000
16 0.400000
42 0.400000
24 0.400000
85 0.400000
25 0.400000
4 0.391304
49 0.333333
73 0.333333
96 0.333333
70 0.318182
75 0.300000
104 0.300000
84 0.300000
1 0.300000
5 0.285714
30 0.285714
29 0.277778
62 0.250000
50 0.250000
7 0.250000
89 0.250000
51 0.222222
28 0.200000
21 0.166667
102 0.166667
13 0.125000
23 0.111111
2 0.000000
36 0.000000
69 0.000000
6 0.000000
