36 1.000000
69 1.000000
75 1.000000
97 0.812500
40 0.800000
24 0.727273
71 0.727273
9 0.720000
98 0.714286
91 0.700000
109 0.684211
94 0.666667
62 0.666667
58 0.636364
17 0.631579
59 0.625000
22 0.625000
107 0.625000
84 0.617647
5 0.615385
42 0.612903
20 0.600000
92 0.600000
77 0.600000
54 0.600000
87 0.590909
11 0.590909
14 0.571429
30 0.571429
78 0.555556
0 0.555556
41 0.547619
48 0.545455
61 0.545455
18 0.545455
31 0.545455
27 0.538462
100 0.533333
57 0.533333
83 0.529412
76 0.521739
108 0.521739
105 0.520833
33 0.518519
8 0.514706
6 0.500000
43 0.500000
103 0.500000
28 0.500000
13 0.500000
50 0.500000
4 0.500000
55 0.500000
53 0.500000
38 0.500000
25 0.500000
66 0.500000
80 0.500000
102 0.500000
85 0.492308
60 0.489919
81 0.486486
3 0.469388
93 0.461538
51 0.461538
56 0.454545
34 0.454545
68 0.453125
72 0.451613
7 0.444444
16 0.437500
35 0.428571
2 0.428571
86 0.421053
82 0.416667
39 0.416667
65 0.410256
70 0.404762
10 0.400000
47 0.400000
45 0.388889
101 0.388889
1 0.388889
96 0.387097
64 0.382979
88 0.380952
12 0.375000
26 0.375000
95 0.363636
73 0.363636
19 0.363636
46 0.352941
44 0.347826
67 0.333333
89 0.333333
63 0.333333
99 0.333333
15 0.333333
106 0.333333
74 0.307692
49 0.300000
37 0.300000
29 0.285714
104 0.285714
90 0.285714
21 0.285714
52 0.250000
79 0.250000
32 0.235294
23 0.125000
