24 1.000000
58 1.000000
77 0.888889
14 0.777778
0 0.750000
47 0.750000
100 0.750000
43 0.750000
23 0.727273
39 0.714286
38 0.707317
42 0.703704
83 0.700000
48 0.684211
15 0.666667
87 0.666667
20 0.666667
36 0.666667
72 0.657143
4 0.656250
57 0.647059
97 0.647059
56 0.642857
11 0.638889
98 0.638889
108 0.636364
8 0.632911
59 0.625000
13 0.625000
18 0.625000
37 0.625000
71 0.615385
27 0.613636
109 0.612903
80 0.611111
107 0.608696
93 0.608696
28 0.600000
90 0.600000
82 0.595745
3 0.593220
85 0.593220
65 0.591837
76 0.589286
81 0.576923
66 0.571429
52 0.571429
94 0.571429
35 0.568182
84 0.567568
51 0.562500
68 0.558442
31 0.555556
10 0.555556
34 0.550000
61 0.549505
2 0.545455
67 0.545455
89 0.545455
60 0.545455
40 0.545455
64 0.525424
9 0.523810
25 0.518519
44 0.500000
88 0.500000
41 0.500000
50 0.500000
69 0.500000
104 0.500000
26 0.500000
32 0.487179
33 0.483871
45 0.483871
29 0.480000
73 0.476190
16 0.470588
105 0.468354
96 0.465116
95 0.461538
99 0.461538
19 0.461538
101 0.450000
46 0.448276
86 0.444444
55 0.444444
53 0.419355
70 0.416667
103 0.416667
78 0.407407
75 0.400000
30 0.400000
106 0.400000
92 0.384615
79 0.375000
5 0.363636
54 0.352941
17 0.352941
6 0.333333
7 0.333333
91 0.333333
63 0.333333
12 0.333333
21 0.307692
74 0.277778
22 0.250000
102 0.250000
1 0.200000
49 0.200000
62 0.000000
