63 1.000000
89 1.000000
2 1.000000
44 1.000000
77 1.000000
31 1.000000
6 1.000000
7 1.000000
51 1.000000
102 1.000000
1 0.800000
83 0.750000
66 0.750000
88 0.666667
70 0.666667
46 0.666667
60 0.666667
94 0.666667
73 0.666667
96 0.600000
27 0.600000
19 0.571429
4 0.545455
72 0.545455
97 0.500000
53 0.500000
47 0.500000
71 0.500000
28 0.500000
98 0.500000
67 0.500000
58 0.500000
55 0.500000
14 0.500000
18 0.500000
75 0.500000
36 0.500000
42 0.500000
39 0.500000
65 0.428571
48 0.428571
3 0.400000
40 0.400000
76 0.400000
108 0.400000
100 0.400000
12 0.400000
38 0.400000
81 0.375000
25 0.363636
68 0.363636
62 0.359155
85 0.357143
64 0.357143
91 0.333333
106 0.333333
57 0.333333
30 0.333333
37 0.333333
41 0.333333
109 0.333333
23 0.333333
22 0.333333
95 0.333333
84 0.300000
82 0.285714
80 0.285714
74 0.285714
17 0.285714
45 0.266667
90 0.250000
20 0.250000
35 0.250000
21 0.250000
104 0.250000
59 0.250000
8 0.250000
34 0.222222
33 0.222222
24 0.200000
78 0.200000
101 0.200000
86 0.200000
29 0.142857
32 0.125000
107 0.125000
9 0.111111
11 0.076923
105 0.071429
43 0.000000
49 0.000000
50 0.000000
92 0.000000
93 0.000000
79 0.000000
16 0.000000
15 0.000000
13 0.000000
87 0.000000
99 0.000000
10 0.000000
52 0.000000
69 0.000000
103 0.000000
54 0.000000
26 0.000000
56 0.000000
61 0.000000
5 0.000000
0 0.000000
