28 1.000000
62 1.000000
37 1.000000
22 1.000000
31 0.857143
104 0.833333
51 0.800000
48 0.714286
0 0.714286
9 0.666667
39 0.666667
40 0.666667
93 0.666667
94 0.666667
79 0.666667
43 0.666667
8 0.645161
72 0.642857
14 0.636364
42 0.636364
18 0.625000
100 0.625000
81 0.608696
12 0.600000
90 0.600000
96 0.600000
98 0.600000
44 0.600000
38 0.571429
11 0.555556
80 0.555556
73 0.555556
57 0.545455
74 0.545455
107 0.545455
78 0.545455
41 0.538462
84 0.538462
88 0.500000
26 0.500000
87 0.500000
5 0.500000
21 0.500000
20 0.500000
19 0.500000
17 0.500000
95 0.500000
47 0.500000
103 0.500000
49 0.500000
15 0.500000
3 0.500000
67 0.500000
97 0.500000
59 0.500000
55 0.500000
33 0.500000
85 0.473684
82 0.470588
63 0.466387
86 0.461538
25 0.454545
27 0.450000
68 0.444444
4 0.428571
101 0.428571
109 0.421053
32 0.416667
34 0.416667
65 0.416667
106 0.400000
105 0.387097
45 0.380952
70 0.363636
46 0.357143
75 0.333333
108 0.333333
77 0.333333
16 0.333333
24 0.333333
99 0.333333
60 0.333333
66 0.333333
61 0.333333
2 0.333333
89 0.333333
76 0.300000
92 0.300000
71 0.285714
83 0.285714
54 0.250000
23 0.250000
35 0.250000
13 0.250000
64 0.238095
53 0.222222
50 0.166667
1 0.166667
7 0.166667
29 0.142857
6 0.000000
69 0.000000
102 0.000000
52 0.000000
36 0.000000
30 0.000000
91 0.000000
10 0.000000
58 0.000000
56 0.000000
