24 0.850000
47 0.833333
89 0.769231
39 0.733333
23 0.727273
66 0.714286
97 0.700000
0 0.681818
98 0.675676
58 0.666667
37 0.666667
30 0.666667
15 0.666667
42 0.642857
108 0.636364
52 0.636364
26 0.636364
12 0.625000
101 0.617647
18 0.617284
43 0.615385
14 0.611111
109 0.608696
78 0.602941
99 0.600000
71 0.600000
28 0.600000
8 0.594595
2 0.592593
61 0.591837
88 0.589744
13 0.588235
84 0.587302
44 0.583333
38 0.575000
20 0.571429
102 0.571429
103 0.571429
91 0.565217
107 0.561404
87 0.560976
4 0.557692
27 0.555556
35 0.555556
106 0.555556
76 0.549296
94 0.545455
9 0.544304
77 0.538462
5 0.538462
105 0.536082
53 0.534483
67 0.533333
73 0.531915
82 0.530612
49 0.529412
65 0.529167
29 0.526316
68 0.520833
96 0.517857
100 0.517241
40 0.517241
45 0.509259
46 0.508475
83 0.500000
41 0.500000
57 0.500000
54 0.500000
31 0.500000
69 0.500000
70 0.492063
34 0.490196
11 0.486486
59 0.481481
104 0.481481
93 0.480000
17 0.473684
51 0.470588
56 0.468750
72 0.468085
86 0.466667
85 0.463636
22 0.461538
79 0.458333
64 0.453125
81 0.448980
48 0.444444
50 0.440000
74 0.434783
62 0.428571
90 0.428571
7 0.428571
80 0.419355
63 0.416667
3 0.410256
60 0.410256
16 0.400000
19 0.380952
33 0.360000
95 0.352941
25 0.351351
92 0.344828
1 0.333333
55 0.333333
21 0.307692
32 0.305556
10 0.285714
36 0.200000
75 0.200000
6 0.166667
