15 0.700000
0 0.638889
43 0.629630
109 0.584416
5 0.583333
94 0.583333
72 0.582278
108 0.581395
83 0.576923
49 0.571429
88 0.571429
97 0.568627
13 0.566667
103 0.565217
106 0.551020
18 0.549020
27 0.548780
101 0.547619
80 0.545455
59 0.538462
91 0.538462
104 0.533333
3 0.529412
61 0.525424
20 0.519231
2 0.518519
40 0.516129
11 0.515625
98 0.514286
53 0.513889
84 0.512195
77 0.511628
17 0.509091
100 0.500000
6 0.500000
23 0.500000
51 0.500000
85 0.493421
29 0.487805
107 0.487500
31 0.485714
81 0.485714
95 0.483871
48 0.481481
52 0.478261
57 0.478261
9 0.476636
66 0.473684
4 0.469880
50 0.461538
64 0.460364
39 0.459459
68 0.455814
65 0.453125
86 0.452830
8 0.452514
42 0.452381
45 0.450382
87 0.448276
44 0.446809
96 0.445946
14 0.444444
37 0.444444
76 0.442105
79 0.441860
105 0.439655
93 0.439024
69 0.437500
7 0.437500
26 0.437500
33 0.431373
73 0.428571
47 0.428571
78 0.424242
74 0.421053
71 0.411765
25 0.410959
90 0.406250
70 0.402439
41 0.402299
82 0.401639
21 0.400000
102 0.400000
34 0.397436
60 0.382979
35 0.382979
30 0.380952
22 0.375000
99 0.369565
32 0.365385
1 0.357143
62 0.357143
24 0.350000
67 0.347826
46 0.347826
16 0.347826
58 0.343750
54 0.333333
55 0.333333
92 0.318182
38 0.311688
10 0.307692
28 0.300000
75 0.300000
89 0.285714
19 0.275862
56 0.275000
12 0.272727
63 0.238095
36 0.111111
