39 1.000000
26 1.000000
23 1.000000
6 1.000000
103 1.000000
72 0.857143
21 0.833333
84 0.818182
94 0.800000
71 0.800000
18 0.785714
12 0.750000
13 0.750000
62 0.750000
24 0.750000
42 0.733333
53 0.727273
34 0.722222
99 0.714286
101 0.714286
77 0.714286
65 0.714286
59 0.714286
88 0.700000
97 0.692308
57 0.692308
96 0.687500
20 0.666667
104 0.666667
47 0.666667
16 0.666667
40 0.666667
89 0.666667
83 0.666667
85 0.652174
78 0.642857
87 0.636364
29 0.636364
56 0.625000
14 0.625000
37 0.625000
9 0.600000
100 0.600000
86 0.600000
54 0.600000
33 0.600000
81 0.590909
38 0.578947
1 0.571429
31 0.571429
10 0.571429
61 0.571429
43 0.555556
66 0.552727
27 0.550000
109 0.545455
46 0.545455
108 0.545455
73 0.545455
41 0.533333
82 0.500000
45 0.500000
44 0.500000
60 0.500000
55 0.500000
95 0.500000
17 0.500000
15 0.500000
76 0.500000
69 0.500000
75 0.500000
7 0.500000
5 0.500000
58 0.500000
0 0.500000
8 0.481481
64 0.473684
3 0.466667
32 0.466667
68 0.457143
70 0.450000
105 0.448276
107 0.444444
93 0.444444
92 0.428571
48 0.428571
90 0.428571
67 0.428571
50 0.428571
35 0.416667
19 0.400000
98 0.400000
74 0.400000
102 0.333333
11 0.333333
36 0.333333
25 0.333333
91 0.333333
63 0.333333
79 0.307692
106 0.285714
51 0.285714
80 0.250000
22 0.250000
52 0.200000
4 0.153846
30 0.000000
2 0.000000
49 0.000000
28 0.000000
