15 1.000000
88 0.800000
51 0.750000
18 0.750000
55 0.750000
39 0.714286
52 0.666667
23 0.666667
82 0.615385
53 0.615385
98 0.611111
78 0.600000
99 0.600000
107 0.555556
76 0.545455
61 0.545455
73 0.538462
41 0.538462
84 0.538462
65 0.533333
105 0.531250
32 0.529412
11 0.500000
87 0.500000
74 0.500000
16 0.500000
83 0.500000
27 0.500000
63 0.500000
20 0.500000
30 0.500000
14 0.500000
85 0.500000
58 0.500000
109 0.500000
94 0.500000
102 0.500000
37 0.500000
62 0.500000
19 0.500000
49 0.500000
13 0.500000
43 0.500000
8 0.490196
4 0.466667
9 0.458333
77 0.454545
86 0.454545
48 0.454545
81 0.454545
46 0.444444
96 0.444444
80 0.428571
59 0.428571
57 0.428571
66 0.428571
92 0.428571
3 0.424242
38 0.421053
67 0.417857
5 0.400000
44 0.400000
97 0.384615
33 0.375000
1 0.363636
64 0.347826
60 0.333333
103 0.333333
34 0.333333
26 0.333333
100 0.333333
25 0.312500
22 0.307692
45 0.304348
108 0.300000
68 0.285714
17 0.285714
56 0.285714
2 0.285714
106 0.285714
72 0.272727
0 0.250000
40 0.250000
89 0.250000
75 0.250000
95 0.250000
50 0.250000
69 0.250000
31 0.200000
79 0.200000
90 0.200000
104 0.200000
71 0.200000
36 0.166667
93 0.166667
70 0.142857
42 0.100000
35 0.090909
101 0.071429
28 0.000000
6 0.000000
21 0.000000
29 0.000000
12 0.000000
91 0.000000
54 0.000000
24 0.000000
10 0.000000
47 0.000000
7 0.000000
