77 0.666667
0 0.652174
10 0.631579
83 0.631579
39 0.609756
31 0.607843
108 0.604396
48 0.600000
37 0.593750
14 0.588235
97 0.583333
2 0.581395
101 0.560000
61 0.558442
15 0.555556
12 0.555556
53 0.553719
100 0.545455
49 0.541667
57 0.539326
84 0.539063
80 0.538462
87 0.537736
27 0.535545
82 0.530201
54 0.527778
18 0.526316
22 0.525000
86 0.524590
20 0.523810
26 0.521739
65 0.520833
11 0.519481
78 0.516393
90 0.516129
9 0.512397
24 0.510204
42 0.507937
76 0.503268
8 0.500000
43 0.500000
28 0.500000
51 0.500000
81 0.496732
98 0.491228
38 0.488095
70 0.488095
3 0.486364
105 0.484043
45 0.483660
68 0.482244
95 0.479167
55 0.478261
85 0.477011
93 0.476923
109 0.474227
47 0.470588
99 0.468085
96 0.466667
104 0.465517
32 0.465347
107 0.462366
69 0.461538
66 0.457143
64 0.455814
103 0.454545
94 0.454545
60 0.453125
34 0.452830
72 0.450382
41 0.450331
89 0.450000
33 0.447619
63 0.444444
91 0.442308
79 0.438596
75 0.437500
44 0.435484
1 0.435484
50 0.431373
106 0.431373
40 0.431373
29 0.431034
35 0.430894
73 0.430000
59 0.428571
71 0.428571
5 0.424242
88 0.421053
23 0.411765
102 0.411765
4 0.401961
58 0.400000
46 0.394958
52 0.387097
19 0.375000
13 0.375000
16 0.375000
74 0.369565
21 0.366667
62 0.363636
17 0.354167
25 0.340909
30 0.333333
92 0.309524
67 0.285714
36 0.272727
56 0.250000
6 0.200000
7 0.153846
