60 1.000000
37 1.000000
13 0.857143
22 0.833333
84 0.791667
72 0.785714
42 0.777778
93 0.750000
43 0.750000
83 0.727273
87 0.692308
90 0.666667
2 0.666667
1 0.666667
55 0.666667
6 0.666667
77 0.666667
82 0.666667
31 0.666667
0 0.666667
108 0.636364
91 0.636364
44 0.636364
18 0.625000
35 0.625000
27 0.615385
73 0.608696
100 0.600000
52 0.600000
38 0.600000
26 0.600000
41 0.566667
98 0.562500
45 0.555556
29 0.550000
24 0.545455
101 0.545455
20 0.545455
109 0.533333
48 0.529412
53 0.523810
86 0.500000
15 0.500000
107 0.500000
7 0.500000
9 0.500000
102 0.500000
36 0.500000
28 0.500000
3 0.500000
50 0.500000
51 0.500000
66 0.500000
65 0.500000
99 0.500000
94 0.500000
4 0.500000
61 0.500000
69 0.491694
68 0.461538
85 0.461538
8 0.452381
11 0.444444
76 0.440000
105 0.437500
64 0.437500
33 0.437500
78 0.416667
12 0.400000
25 0.400000
30 0.400000
103 0.400000
56 0.400000
58 0.400000
97 0.384615
70 0.375000
16 0.375000
57 0.375000
19 0.375000
80 0.375000
96 0.375000
14 0.363636
92 0.363636
81 0.352941
10 0.333333
75 0.333333
74 0.333333
71 0.333333
34 0.333333
89 0.333333
23 0.300000
88 0.285714
67 0.250000
106 0.250000
46 0.250000
40 0.250000
17 0.250000
32 0.200000
49 0.200000
95 0.166667
79 0.166667
54 0.142857
104 0.125000
47 0.000000
5 0.000000
59 0.000000
62 0.000000
63 0.000000
21 0.000000
39 0.000000
