20 0.722222
39 0.681818
62 0.666667
100 0.631579
72 0.627907
13 0.625000
83 0.617647
38 0.594595
95 0.592593
55 0.583333
26 0.583333
108 0.580645
10 0.571429
36 0.571429
53 0.568627
51 0.555556
12 0.555556
91 0.550000
97 0.547170
87 0.543478
79 0.538462
42 0.534884
98 0.533333
18 0.532258
23 0.529412
77 0.523810
31 0.517241
107 0.517241
99 0.516129
27 0.511111
50 0.500000
5 0.500000
58 0.500000
6 0.500000
43 0.500000
52 0.500000
48 0.500000
11 0.500000
44 0.500000
65 0.492063
78 0.490196
68 0.488095
106 0.487179
94 0.482759
0 0.473684
9 0.472973
75 0.466667
76 0.465116
96 0.464286
41 0.459459
14 0.458333
101 0.458333
57 0.456522
17 0.454545
70 0.453362
66 0.450000
71 0.450000
105 0.450000
19 0.444444
56 0.444444
82 0.444444
73 0.437500
40 0.437500
74 0.433333
25 0.431818
104 0.428571
8 0.424528
93 0.424242
22 0.419355
2 0.416667
61 0.416667
84 0.413793
24 0.411765
60 0.404762
64 0.402439
80 0.400000
102 0.400000
35 0.400000
34 0.400000
85 0.400000
4 0.389831
37 0.384615
109 0.384615
69 0.375000
3 0.372727
46 0.363636
1 0.363636
63 0.363636
88 0.363636
89 0.363636
16 0.363636
103 0.357143
29 0.354839
81 0.350000
33 0.333333
30 0.333333
86 0.322581
59 0.318182
45 0.307692
32 0.304348
47 0.300000
28 0.285714
92 0.277778
7 0.250000
15 0.250000
21 0.222222
90 0.166667
67 0.142857
54 0.142857
49 0.100000
