49 1.000000
36 1.000000
39 1.000000
26 1.000000
77 0.909091
32 0.875000
94 0.857143
66 0.800000
58 0.800000
75 0.750000
59 0.750000
85 0.750000
96 0.750000
60 0.727273
98 0.727273
22 0.714286
2 0.714286
57 0.700000
108 0.692308
24 0.666667
89 0.666667
50 0.666667
34 0.666667
109 0.647059
8 0.628571
38 0.625000
14 0.615385
61 0.615385
45 0.615385
37 0.600000
65 0.600000
31 0.600000
81 0.600000
23 0.571429
95 0.571429
72 0.560000
106 0.555556
76 0.555556
97 0.545455
0 0.545455
48 0.545455
42 0.538462
9 0.526316
53 0.526316
84 0.518519
13 0.500000
78 0.500000
79 0.500000
80 0.500000
87 0.500000
103 0.500000
91 0.500000
52 0.500000
6 0.500000
54 0.500000
62 0.500000
104 0.500000
28 0.500000
102 0.500000
83 0.500000
71 0.485531
46 0.478261
33 0.461538
43 0.461538
100 0.454545
105 0.454545
18 0.450000
70 0.450000
27 0.444444
21 0.437500
10 0.428571
17 0.428571
25 0.428571
90 0.428571
68 0.428571
64 0.411765
99 0.400000
4 0.375000
82 0.375000
35 0.357143
107 0.352941
93 0.352941
41 0.346154
3 0.333333
19 0.333333
86 0.333333
30 0.333333
88 0.333333
11 0.333333
69 0.333333
40 0.333333
20 0.307692
73 0.307692
63 0.285714
47 0.285714
16 0.266667
7 0.250000
51 0.200000
92 0.200000
67 0.200000
56 0.166667
44 0.142857
29 0.142857
74 0.111111
15 0.000000
5 0.000000
12 0.000000
101 0.000000
1 0.000000
55 0.000000
