31 0.866667
66 0.857143
103 0.789474
69 0.785714
37 0.777778
95 0.750000
77 0.750000
94 0.736842
0 0.727273
10 0.714286
28 0.714286
98 0.694915
48 0.692308
2 0.681818
17 0.681818
15 0.666667
89 0.666667
21 0.666667
18 0.659574
61 0.657143
107 0.653846
33 0.651163
25 0.647059
63 0.642857
46 0.638889
97 0.629630
70 0.627907
93 0.625000
42 0.612903
83 0.611111
108 0.606061
100 0.600000
23 0.600000
51 0.600000
6 0.600000
58 0.600000
8 0.598540
80 0.589744
5 0.583333
14 0.583333
64 0.582278
34 0.582278
3 0.578947
109 0.574074
32 0.562500
81 0.560976
71 0.560000
57 0.558824
88 0.555556
45 0.554217
96 0.553191
62 0.545455
55 0.545455
104 0.541667
72 0.540946
74 0.538462
85 0.536585
106 0.533333
38 0.533333
41 0.532258
56 0.529412
82 0.527778
99 0.523810
20 0.523810
16 0.520000
105 0.518072
11 0.515152
86 0.511628
9 0.510638
40 0.500000
4 0.500000
22 0.500000
73 0.500000
102 0.500000
49 0.500000
75 0.500000
84 0.491803
87 0.487179
13 0.470588
1 0.468750
65 0.468085
76 0.466667
53 0.461538
52 0.461538
27 0.461538
78 0.456522
60 0.451613
68 0.450382
26 0.444444
43 0.437500
39 0.437500
90 0.428571
91 0.421053
35 0.413793
59 0.411765
12 0.411765
79 0.409091
19 0.388889
24 0.379310
50 0.368421
29 0.350000
54 0.333333
44 0.333333
47 0.300000
101 0.285714
7 0.285714
30 0.277778
67 0.272727
92 0.260870
36 0.200000
