89 0.857143
99 0.777778
55 0.750000
83 0.717949
13 0.700000
58 0.692308
54 0.687500
86 0.684211
103 0.666667
62 0.666667
24 0.647059
2 0.642857
20 0.642857
100 0.636364
37 0.625000
42 0.625000
0 0.625000
97 0.625000
106 0.619048
82 0.617021
9 0.612245
69 0.608696
108 0.605263
43 0.600000
12 0.600000
81 0.593220
26 0.583333
91 0.583333
98 0.581395
88 0.571429
109 0.568182
8 0.563107
63 0.555556
66 0.545455
31 0.545455
52 0.538462
67 0.538462
65 0.531915
77 0.529412
44 0.526316
11 0.526316
84 0.521739
87 0.515152
46 0.513514
41 0.509434
94 0.500000
32 0.500000
28 0.500000
14 0.500000
15 0.500000
72 0.500000
5 0.500000
29 0.484848
105 0.483871
73 0.482581
40 0.478261
107 0.478261
61 0.476190
76 0.475610
51 0.473684
85 0.466667
33 0.461538
1 0.458333
45 0.456790
17 0.450000
30 0.444444
101 0.440000
70 0.437500
19 0.434783
50 0.434783
80 0.433333
68 0.430000
64 0.428571
35 0.421875
104 0.421053
48 0.421053
21 0.416667
39 0.416667
96 0.412698
74 0.411765
38 0.406780
27 0.402778
36 0.400000
7 0.400000
79 0.400000
16 0.400000
34 0.392857
95 0.388889
3 0.385417
53 0.384615
49 0.384615
57 0.375000
92 0.375000
60 0.363636
25 0.342105
59 0.333333
78 0.333333
10 0.333333
18 0.333333
93 0.320000
90 0.312500
71 0.307692
75 0.285714
23 0.272727
47 0.250000
56 0.222222
6 0.166667
4 0.153846
22 0.142857
102 0.000000
