47 1.000000
75 0.800000
57 0.736842
0 0.714286
16 0.714286
49 0.666667
91 0.666667
55 0.666667
78 0.666667
11 0.652174
34 0.650000
95 0.642857
98 0.619048
43 0.615385
39 0.615385
97 0.600000
53 0.592593
77 0.583333
23 0.583333
44 0.583333
109 0.571429
20 0.562500
12 0.555556
83 0.555556
2 0.545455
63 0.545455
82 0.542857
50 0.538462
18 0.538462
72 0.538462
87 0.533333
8 0.533333
3 0.531250
86 0.521739
67 0.500000
103 0.500000
100 0.500000
59 0.500000
13 0.500000
88 0.500000
51 0.500000
94 0.500000
6 0.500000
104 0.500000
85 0.500000
46 0.500000
76 0.491228
108 0.478261
42 0.476190
45 0.473684
96 0.470588
31 0.466667
32 0.466667
38 0.461538
90 0.461538
74 0.454733
58 0.454545
33 0.448276
99 0.444444
84 0.440000
80 0.437500
17 0.434783
29 0.434783
65 0.434783
70 0.433333
27 0.428571
81 0.422222
64 0.421053
35 0.419355
73 0.411765
25 0.409091
89 0.400000
24 0.400000
66 0.400000
22 0.400000
107 0.393939
41 0.375000
19 0.375000
28 0.375000
68 0.369565
40 0.333333
69 0.333333
79 0.333333
30 0.333333
7 0.333333
15 0.333333
9 0.333333
105 0.323077
101 0.322581
4 0.315789
14 0.307692
60 0.307692
93 0.307692
52 0.300000
54 0.285714
62 0.285714
61 0.277778
48 0.263158
10 0.250000
36 0.250000
1 0.222222
21 0.222222
106 0.222222
56 0.200000
26 0.200000
92 0.142857
5 0.125000
71 0.111111
37 0.090909
102 0.000000
