62 1.000000
54 1.000000
94 1.000000
71 0.909091
61 0.888889
21 0.769231
50 0.750000
30 0.750000
72 0.750000
100 0.750000
25 0.733333
14 0.727273
0 0.727273
66 0.714286
96 0.714286
8 0.694444
87 0.692308
57 0.687500
42 0.681818
3 0.681818
39 0.666667
68 0.666667
69 0.666667
48 0.666667
106 0.666667
78 0.666667
108 0.655172
18 0.653846
93 0.647059
35 0.640000
98 0.633333
109 0.629630
24 0.625000
11 0.619048
52 0.600000
5 0.600000
47 0.600000
97 0.600000
99 0.600000
60 0.600000
79 0.600000
20 0.600000
38 0.594595
74 0.583333
56 0.583333
91 0.583333
95 0.571429
88 0.571429
44 0.571429
77 0.558685
49 0.555556
65 0.538462
104 0.533333
76 0.529412
83 0.529412
86 0.529412
73 0.529412
41 0.527778
27 0.525000
70 0.523810
34 0.520000
64 0.511628
28 0.500000
32 0.500000
59 0.500000
84 0.500000
17 0.500000
6 0.500000
107 0.500000
15 0.500000
102 0.500000
31 0.500000
12 0.500000
43 0.500000
89 0.500000
1 0.500000
10 0.500000
26 0.500000
7 0.500000
85 0.488372
105 0.466667
82 0.464286
53 0.461538
81 0.454545
67 0.454545
101 0.454545
19 0.444444
2 0.444444
23 0.444444
37 0.444444
29 0.428571
80 0.428571
13 0.428571
103 0.428571
45 0.423077
40 0.416667
58 0.416667
4 0.411765
16 0.400000
46 0.388889
9 0.387097
22 0.375000
33 0.360000
75 0.333333
90 0.333333
63 0.333333
92 0.166667
51 0.142857
55 0.000000
36 0.000000
