6 1.000000
83 0.791667
102 0.750000
94 0.722222
95 0.675676
91 0.658537
2 0.638889
0 0.619048
43 0.608696
98 0.603448
13 0.600000
20 0.597015
61 0.589286
37 0.576923
32 0.575758
97 0.565217
107 0.558824
57 0.558442
71 0.555556
84 0.554348
75 0.550000
90 0.550000
65 0.549296
9 0.547009
109 0.546875
17 0.545455
14 0.545455
67 0.545455
56 0.543478
26 0.541667
8 0.540373
89 0.538462
1 0.535714
30 0.533333
77 0.529412
25 0.528302
44 0.527778
50 0.525000
33 0.523077
60 0.521739
11 0.521739
48 0.521739
23 0.517241
105 0.516779
80 0.516667
29 0.514286
31 0.512821
99 0.512195
78 0.510417
53 0.506024
18 0.505376
68 0.503268
55 0.500000
39 0.500000
66 0.500000
28 0.500000
42 0.500000
59 0.500000
15 0.500000
27 0.497143
76 0.496324
34 0.492958
74 0.491228
93 0.490566
108 0.482143
85 0.479452
103 0.478261
73 0.475610
24 0.472222
72 0.466667
38 0.466667
21 0.466667
70 0.465116
82 0.463415
100 0.461538
87 0.459770
86 0.456522
45 0.455285
47 0.454545
81 0.450549
4 0.447761
46 0.444444
41 0.442308
64 0.442105
69 0.440000
3 0.429530
7 0.428571
51 0.423077
96 0.416667
106 0.407407
104 0.405405
62 0.400000
35 0.387097
22 0.378378
54 0.375000
101 0.366667
52 0.363636
16 0.357143
58 0.354839
40 0.333333
88 0.333333
10 0.333333
5 0.307692
63 0.300000
49 0.294118
19 0.285714
36 0.285714
79 0.281250
12 0.277778
92 0.266667
