60 1.000000
103 1.000000
40 1.000000
37 1.000000
80 0.857143
74 0.800000
106 0.800000
84 0.769231
58 0.750000
71 0.750000
51 0.750000
88 0.750000
98 0.636364
108 0.615385
43 0.600000
107 0.571429
99 0.571429
57 0.571429
24 0.571429
86 0.555556
76 0.550000
48 0.545455
78 0.500000
18 0.500000
96 0.500000
72 0.500000
97 0.500000
66 0.500000
28 0.500000
62 0.500000
10 0.500000
31 0.500000
100 0.500000
102 0.500000
56 0.500000
55 0.500000
6 0.500000
4 0.500000
50 0.500000
49 0.500000
2 0.500000
21 0.500000
0 0.500000
8 0.480000
85 0.470588
70 0.466667
35 0.461538
33 0.454545
68 0.437500
46 0.428571
83 0.428571
27 0.428571
82 0.416667
32 0.416667
75 0.416216
17 0.400000
16 0.400000
14 0.400000
13 0.400000
22 0.400000
109 0.400000
61 0.400000
25 0.384615
3 0.380952
42 0.375000
53 0.375000
104 0.333333
47 0.333333
94 0.333333
5 0.333333
93 0.333333
26 0.333333
63 0.333333
90 0.333333
41 0.333333
39 0.333333
69 0.333333
77 0.333333
81 0.333333
64 0.300000
59 0.300000
11 0.285714
34 0.285714
73 0.285714
12 0.285714
87 0.285714
38 0.250000
105 0.250000
67 0.250000
9 0.222222
54 0.200000
44 0.200000
19 0.200000
45 0.200000
23 0.200000
65 0.200000
1 0.166667
29 0.142857
95 0.142857
92 0.100000
91 0.000000
101 0.000000
89 0.000000
7 0.000000
30 0.000000
15 0.000000
36 0.000000
52 0.000000
20 0.000000
79 0.000000
