28 0.857143
6 0.833333
12 0.800000
18 0.756757
0 0.730769
47 0.727273
107 0.718750
5 0.714286
30 0.714286
57 0.692308
74 0.666667
86 0.666667
108 0.666667
77 0.666667
94 0.666667
88 0.658537
19 0.650000
109 0.647059
20 0.645161
66 0.642857
82 0.637931
51 0.636364
37 0.636364
13 0.625000
10 0.615385
79 0.615385
17 0.611111
23 0.608696
42 0.608696
11 0.604167
65 0.602941
56 0.600000
101 0.600000
50 0.600000
67 0.600000
24 0.600000
84 0.587302
27 0.584158
100 0.578947
1 0.571429
38 0.571429
83 0.571429
44 0.566667
93 0.564103
2 0.562500
80 0.562500
33 0.557692
60 0.555556
91 0.550000
105 0.548387
41 0.546875
63 0.545455
8 0.543046
104 0.541667
78 0.538961
89 0.538462
97 0.535714
9 0.531250
96 0.528302
81 0.527027
45 0.524390
29 0.523810
106 0.523810
40 0.523810
14 0.521739
22 0.521739
34 0.517241
68 0.516393
76 0.510417
3 0.504587
71 0.500000
92 0.500000
75 0.500000
31 0.500000
39 0.500000
85 0.495495
70 0.490196
32 0.489362
16 0.482759
90 0.473684
98 0.470588
59 0.466667
4 0.466667
25 0.463415
35 0.458333
72 0.456522
55 0.454545
87 0.441860
43 0.437500
15 0.428571
48 0.428571
26 0.428571
64 0.424242
69 0.416667
49 0.416667
21 0.411765
61 0.407407
53 0.404762
103 0.384615
54 0.384615
95 0.380952
99 0.375000
58 0.357143
7 0.333333
73 0.333333
52 0.333333
36 0.272727
46 0.261905
102 0.250000
62 0.200000
