58 0.875000
31 0.800000
7 0.800000
21 0.777778
56 0.714286
0 0.705882
28 0.666667
63 0.666667
57 0.666667
10 0.666667
13 0.666667
18 0.666667
17 0.650000
9 0.640000
97 0.636364
78 0.615385
51 0.600000
77 0.600000
83 0.600000
19 0.600000
108 0.590909
26 0.583333
53 0.578947
55 0.571429
37 0.571429
93 0.571429
20 0.562500
25 0.562500
82 0.560000
105 0.557692
34 0.545455
70 0.538462
107 0.526316
8 0.507463
59 0.500000
33 0.500000
92 0.500000
91 0.500000
11 0.500000
99 0.500000
98 0.500000
6 0.500000
42 0.500000
71 0.500000
95 0.500000
36 0.500000
47 0.500000
104 0.470588
88 0.470588
44 0.466667
3 0.459459
65 0.458333
109 0.454545
79 0.449772
64 0.441860
38 0.440000
68 0.438596
45 0.432432
87 0.428571
27 0.428571
2 0.428571
4 0.423077
50 0.416667
85 0.413043
72 0.409091
30 0.400000
24 0.400000
73 0.400000
101 0.384615
61 0.375000
46 0.375000
32 0.370370
23 0.363636
16 0.363636
41 0.341463
52 0.333333
102 0.333333
74 0.333333
48 0.333333
90 0.333333
80 0.333333
39 0.333333
84 0.333333
81 0.323529
29 0.318182
66 0.307692
1 0.285714
103 0.285714
76 0.281250
96 0.280000
86 0.277778
14 0.272727
60 0.250000
94 0.250000
5 0.250000
40 0.250000
43 0.250000
100 0.250000
106 0.250000
35 0.225806
67 0.200000
12 0.200000
69 0.166667
89 0.142857
54 0.125000
15 0.000000
49 0.000000
62 0.000000
22 0.000000
75 0.000000
