48 0.789474
6 0.750000
51 0.714286
98 0.714286
83 0.708333
50 0.687500
55 0.666667
109 0.655172
86 0.640000
108 0.636364
88 0.631579
103 0.615385
42 0.611940
13 0.611111
63 0.608696
27 0.601770
106 0.600000
7 0.600000
71 0.600000
18 0.594595
73 0.593220
101 0.592593
99 0.590909
11 0.590909
66 0.590909
97 0.583333
61 0.576923
44 0.571429
26 0.562500
34 0.561404
72 0.560976
107 0.559322
100 0.555556
80 0.555556
10 0.555556
84 0.550725
8 0.548387
31 0.545455
28 0.545455
40 0.545455
57 0.541667
0 0.538462
37 0.533333
33 0.531250
78 0.527027
96 0.526316
104 0.526316
53 0.522727
41 0.522388
22 0.517241
20 0.513514
87 0.511628
81 0.507614
43 0.500000
45 0.500000
17 0.500000
19 0.500000
21 0.500000
102 0.500000
49 0.500000
89 0.500000
47 0.500000
94 0.500000
68 0.496732
60 0.486486
64 0.485714
95 0.476190
85 0.475410
54 0.473684
4 0.471698
25 0.468750
93 0.468750
14 0.466667
23 0.466667
52 0.461538
82 0.461538
91 0.458333
77 0.454545
67 0.454545
46 0.450980
76 0.450549
65 0.448980
32 0.448276
39 0.444444
5 0.437500
3 0.436364
36 0.428571
2 0.428571
74 0.422222
58 0.421053
59 0.416667
105 0.411111
9 0.406780
29 0.400000
24 0.400000
92 0.393939
1 0.391304
16 0.388889
62 0.375000
35 0.373333
38 0.372093
15 0.363636
69 0.352941
70 0.350000
56 0.333333
75 0.333333
79 0.323529
90 0.294118
12 0.263158
30 0.250000
