100 1.000000
75 0.857143
31 0.777778
10 0.777778
83 0.750000
103 0.750000
55 0.750000
98 0.724138
94 0.714286
2 0.666667
15 0.666667
4 0.656250
38 0.638889
47 0.625000
54 0.625000
42 0.619048
61 0.611111
8 0.606061
109 0.600000
19 0.600000
72 0.589744
20 0.565217
84 0.564103
78 0.562500
32 0.562500
63 0.555556
52 0.555556
81 0.555556
107 0.551724
64 0.545455
25 0.542857
68 0.538462
21 0.538462
57 0.535714
18 0.534884
87 0.533333
33 0.526316
45 0.520000
76 0.516667
60 0.500000
71 0.500000
12 0.500000
39 0.500000
37 0.500000
80 0.492119
105 0.490566
9 0.487179
85 0.485714
41 0.485714
108 0.478261
86 0.476190
16 0.476190
53 0.468750
22 0.466667
17 0.466667
0 0.466667
27 0.464286
29 0.454545
14 0.444444
82 0.444444
3 0.444444
92 0.444444
24 0.437500
74 0.437500
88 0.434783
73 0.433333
59 0.428571
102 0.428571
11 0.428571
56 0.428571
67 0.428571
48 0.428571
77 0.428571
99 0.421053
34 0.421053
65 0.419355
51 0.411765
95 0.400000
40 0.400000
26 0.400000
70 0.400000
5 0.400000
35 0.393939
101 0.388889
46 0.387097
96 0.382353
106 0.380952
69 0.375000
58 0.375000
13 0.375000
43 0.363636
79 0.333333
7 0.333333
6 0.333333
91 0.333333
49 0.333333
28 0.333333
97 0.333333
30 0.333333
93 0.312500
23 0.285714
104 0.285714
62 0.285714
66 0.250000
89 0.250000
44 0.235294
1 0.210526
50 0.200000
90 0.166667
36 0.000000
