83 0.758621
7 0.750000
94 0.720000
69 0.666667
55 0.666667
17 0.658537
78 0.637931
28 0.625000
52 0.625000
73 0.617021
67 0.615385
53 0.604167
43 0.600000
48 0.600000
61 0.595745
95 0.592593
100 0.592593
0 0.575758
87 0.571429
58 0.566667
79 0.560000
108 0.553846
18 0.552239
23 0.550000
98 0.548780
97 0.543478
74 0.542857
103 0.541667
10 0.538462
11 0.537313
42 0.533333
99 0.533333
109 0.532258
65 0.530612
68 0.530201
20 0.529412
72 0.527778
44 0.526316
14 0.523810
84 0.521127
39 0.520000
46 0.518519
25 0.518519
41 0.516484
34 0.513889
38 0.506494
8 0.500000
47 0.500000
27 0.500000
56 0.500000
66 0.500000
51 0.500000
13 0.500000
15 0.500000
107 0.488636
16 0.483871
88 0.482759
82 0.481279
59 0.476190
33 0.473684
63 0.470588
31 0.470588
85 0.469136
77 0.464286
76 0.463415
81 0.461538
90 0.458333
105 0.454545
32 0.451613
9 0.451220
96 0.448276
26 0.444444
70 0.444444
5 0.444444
80 0.444444
93 0.441860
49 0.437500
19 0.428571
45 0.421053
75 0.416667
60 0.416667
30 0.416667
24 0.407407
64 0.401639
92 0.400000
57 0.400000
37 0.388889
54 0.384615
35 0.377049
71 0.375000
21 0.370370
4 0.366197
29 0.352941
86 0.348837
101 0.342857
3 0.333333
91 0.322581
106 0.307692
12 0.307692
1 0.300000
62 0.285714
104 0.260870
2 0.250000
22 0.250000
89 0.250000
40 0.240000
6 0.200000
50 0.192308
36 0.153846
102 0.000000
