95 0.857143
86 0.846154
97 0.846154
89 0.833333
54 0.833333
3 0.812500
51 0.800000
48 0.800000
103 0.800000
76 0.791667
7 0.777778
82 0.758621
100 0.750000
80 0.750000
11 0.750000
62 0.750000
10 0.750000
93 0.750000
32 0.727273
69 0.727273
73 0.717949
2 0.714286
90 0.714286
19 0.714286
81 0.708333
34 0.705882
61 0.700000
87 0.678571
85 0.672414
6 0.666667
44 0.666667
109 0.666667
23 0.666667
66 0.666667
8 0.666667
57 0.652174
24 0.642857
105 0.637931
13 0.636364
68 0.631579
41 0.625000
94 0.625000
70 0.617647
53 0.615385
72 0.611111
91 0.600000
15 0.600000
52 0.600000
101 0.600000
79 0.600000
45 0.600000
83 0.595876
18 0.594595
38 0.590909
22 0.588235
50 0.588235
56 0.583333
21 0.583333
9 0.581395
17 0.576923
64 0.576923
78 0.571429
43 0.571429
96 0.571429
27 0.564516
74 0.555556
5 0.555556
104 0.545455
58 0.538462
29 0.538462
99 0.533333
84 0.531250
77 0.529412
60 0.529412
1 0.529412
106 0.526316
42 0.518519
107 0.515152
25 0.500000
20 0.500000
67 0.500000
39 0.500000
12 0.500000
65 0.500000
47 0.500000
71 0.500000
59 0.500000
108 0.500000
0 0.500000
33 0.500000
98 0.454545
88 0.437500
55 0.428571
26 0.428571
75 0.428571
46 0.419355
35 0.416667
31 0.411765
28 0.400000
14 0.400000
4 0.392857
36 0.333333
49 0.333333
92 0.307692
40 0.285714
16 0.285714
63 0.285714
37 0.272727
102 0.250000
30 0.000000
