102 1.000000
6 1.000000
15 0.833333
66 0.818182
69 0.791667
75 0.769231
108 0.744681
30 0.692308
5 0.666667
18 0.661765
50 0.647059
91 0.642857
41 0.632353
97 0.631579
109 0.630769
7 0.625000
44 0.620000
60 0.617647
94 0.615385
57 0.609756
86 0.609756
104 0.606061
38 0.605263
29 0.604651
46 0.600000
100 0.600000
0 0.600000
99 0.600000
47 0.600000
24 0.600000
107 0.592593
78 0.587302
65 0.587302
11 0.583333
20 0.583333
4 0.583333
93 0.580645
88 0.575758
17 0.571429
61 0.567568
19 0.566667
80 0.564103
37 0.562500
89 0.562500
42 0.557692
10 0.555556
76 0.554348
81 0.550725
98 0.549020
8 0.547945
45 0.546392
54 0.545455
84 0.541916
68 0.539063
49 0.538462
14 0.538462
31 0.538462
67 0.538462
39 0.538462
63 0.538462
53 0.536585
90 0.533333
16 0.533333
83 0.531250
27 0.530435
55 0.526316
73 0.521739
48 0.521739
82 0.521127
105 0.520000
71 0.518519
40 0.518519
34 0.517857
92 0.517241
101 0.515152
85 0.513043
64 0.512195
12 0.500000
87 0.500000
22 0.500000
77 0.500000
2 0.500000
72 0.491803
9 0.486842
33 0.480769
51 0.480000
58 0.470588
3 0.468750
96 0.468085
26 0.461538
32 0.460000
56 0.457143
25 0.454545
21 0.454545
35 0.454545
95 0.450000
74 0.440000
103 0.437500
43 0.434783
70 0.413793
23 0.400000
52 0.375000
13 0.375000
1 0.357143
106 0.333333
79 0.333333
28 0.333333
62 0.300000
59 0.300000
36 0.166667
