71 0.750000
0 0.725490
2 0.697674
14 0.684211
100 0.680000
83 0.672414
98 0.671053
103 0.653846
66 0.652174
18 0.645669
19 0.644444
94 0.633333
108 0.613333
17 0.607595
37 0.606061
11 0.600000
42 0.595238
61 0.593220
31 0.590909
23 0.580645
20 0.576471
48 0.571429
58 0.571429
13 0.566667
51 0.564103
86 0.563636
44 0.562500
39 0.560976
12 0.560000
33 0.556701
3 0.555556
26 0.555556
27 0.550562
109 0.548387
93 0.547170
107 0.546512
90 0.545455
32 0.539474
52 0.538462
47 0.538462
72 0.536585
97 0.528090
8 0.527197
91 0.526316
38 0.525180
45 0.518519
85 0.517155
105 0.516779
57 0.515152
84 0.513043
9 0.507143
96 0.504587
41 0.503226
54 0.500000
22 0.500000
28 0.500000
43 0.500000
29 0.500000
102 0.500000
74 0.500000
67 0.500000
88 0.500000
95 0.500000
78 0.495495
64 0.493421
60 0.492308
106 0.492063
46 0.489796
56 0.488889
77 0.488372
80 0.485714
76 0.479452
68 0.477011
81 0.475410
63 0.473684
87 0.472527
7 0.470588
75 0.470588
82 0.469136
99 0.466667
73 0.466667
16 0.465116
65 0.463636
6 0.461538
69 0.461538
53 0.458824
104 0.454545
101 0.454545
34 0.453488
40 0.444444
36 0.444444
4 0.444444
25 0.426471
79 0.413043
35 0.405797
50 0.403846
30 0.400000
70 0.400000
59 0.400000
92 0.400000
5 0.368421
24 0.363636
62 0.357143
89 0.350000
1 0.340000
10 0.333333
49 0.333333
55 0.238095
21 0.214286
15 0.000000
