59 1.000000
6 1.000000
83 0.846154
13 0.714286
17 0.714286
106 0.714286
73 0.684211
53 0.678571
20 0.677419
22 0.666667
78 0.666667
95 0.666667
81 0.640000
33 0.636364
19 0.631579
51 0.625000
94 0.625000
97 0.619048
84 0.609756
66 0.600000
30 0.600000
42 0.580645
107 0.575758
43 0.571429
49 0.571429
4 0.571429
55 0.571429
38 0.568182
109 0.565217
85 0.563636
27 0.559322
2 0.555556
75 0.555556
37 0.555556
8 0.551724
100 0.545455
104 0.545455
98 0.542857
90 0.538462
14 0.538462
77 0.529412
11 0.526316
68 0.524590
74 0.521739
72 0.511628
45 0.507463
47 0.500000
28 0.500000
1 0.500000
26 0.500000
91 0.500000
0 0.500000
89 0.500000
69 0.500000
54 0.500000
86 0.495798
105 0.493333
34 0.483871
108 0.480000
80 0.476190
9 0.475410
93 0.473684
101 0.468750
44 0.466667
65 0.466667
96 0.464286
63 0.461538
87 0.458333
76 0.456522
67 0.454545
5 0.454545
64 0.452830
99 0.450000
35 0.447368
61 0.444444
103 0.444444
46 0.441176
88 0.434783
52 0.428571
12 0.428571
25 0.421053
50 0.421053
60 0.421053
31 0.416667
36 0.416667
39 0.411765
92 0.411765
3 0.406250
58 0.400000
57 0.384615
10 0.375000
18 0.372093
29 0.368421
56 0.368421
40 0.363636
32 0.357143
82 0.348837
71 0.333333
7 0.333333
70 0.322581
21 0.312500
24 0.307692
41 0.289474
48 0.277778
79 0.277778
16 0.250000
62 0.200000
102 0.200000
23 0.166667
15 0.000000
