10 1.000000
7 0.833333
13 0.800000
47 0.800000
26 0.777778
98 0.771429
11 0.708333
69 0.692308
77 0.692308
83 0.678571
109 0.666667
59 0.666667
28 0.666667
61 0.666667
2 0.666667
53 0.666667
22 0.666667
101 0.640000
66 0.636364
20 0.636364
58 0.636364
55 0.636364
37 0.625000
40 0.625000
0 0.619048
8 0.606742
49 0.600000
57 0.594595
60 0.590909
41 0.586207
100 0.583333
9 0.583333
39 0.578947
82 0.571429
97 0.571429
33 0.571429
38 0.567164
65 0.560976
27 0.558824
3 0.552381
70 0.543478
18 0.543478
24 0.541667
45 0.539474
17 0.538462
68 0.537736
74 0.533333
80 0.533333
14 0.529412
34 0.526316
105 0.525641
87 0.524568
95 0.521739
44 0.520000
73 0.515152
42 0.511628
81 0.511628
88 0.500000
54 0.500000
104 0.500000
51 0.500000
99 0.500000
43 0.500000
63 0.500000
4 0.500000
106 0.500000
84 0.500000
67 0.500000
19 0.500000
71 0.500000
46 0.500000
72 0.487179
35 0.472727
85 0.472527
48 0.470588
32 0.468750
23 0.466667
108 0.466667
107 0.466667
29 0.464286
93 0.461538
76 0.459770
16 0.458333
86 0.458333
25 0.457143
5 0.454545
96 0.449275
64 0.448276
90 0.444444
78 0.441860
31 0.434783
79 0.428571
103 0.428571
52 0.428571
21 0.416667
1 0.411765
102 0.375000
6 0.333333
50 0.333333
12 0.285714
75 0.285714
89 0.285714
91 0.277778
56 0.250000
92 0.250000
36 0.250000
94 0.142857
15 0.000000
62 0.000000
30 0.000000
