49 1.000000
109 0.894737
97 0.800000
67 0.800000
107 0.769231
106 0.761905
108 0.760000
75 0.750000
51 0.750000
59 0.750000
55 0.714286
66 0.700000
24 0.666667
7 0.666667
102 0.666667
48 0.666667
62 0.666667
78 0.658537
58 0.642857
53 0.641026
94 0.636364
81 0.631579
13 0.625000
8 0.602740
0 0.600000
6 0.600000
54 0.600000
30 0.600000
65 0.589744
23 0.588235
84 0.575758
39 0.571429
73 0.571429
77 0.571429
64 0.571429
98 0.565217
19 0.555556
72 0.555556
46 0.550000
34 0.548387
90 0.545455
42 0.521739
2 0.518519
18 0.514286
9 0.512195
27 0.508197
88 0.503534
40 0.500000
63 0.500000
22 0.500000
29 0.500000
21 0.500000
61 0.500000
87 0.500000
93 0.500000
74 0.500000
11 0.500000
57 0.500000
47 0.500000
85 0.500000
82 0.482759
31 0.473684
45 0.472222
79 0.470588
101 0.466667
33 0.461538
105 0.456140
37 0.454545
50 0.454545
91 0.444444
43 0.444444
17 0.444444
15 0.444444
38 0.441860
83 0.437500
5 0.437500
100 0.437500
3 0.434783
86 0.434783
96 0.434783
80 0.434783
104 0.428571
99 0.428571
20 0.423077
4 0.423077
95 0.421053
68 0.421053
35 0.409091
52 0.400000
28 0.400000
12 0.384615
60 0.380952
32 0.380952
26 0.375000
70 0.363636
44 0.333333
71 0.333333
10 0.333333
76 0.333333
41 0.297297
69 0.285714
89 0.285714
14 0.272727
56 0.260870
36 0.250000
25 0.227273
16 0.200000
103 0.200000
1 0.133333
92 0.111111
