22 1.000000
12 1.000000
15 1.000000
62 1.000000
51 1.000000
37 0.875000
73 0.857143
83 0.833333
65 0.769231
31 0.750000
93 0.750000
108 0.714286
7 0.666667
100 0.666667
29 0.666667
66 0.666667
72 0.666667
71 0.666667
18 0.666667
98 0.625000
97 0.625000
53 0.625000
43 0.600000
101 0.600000
44 0.600000
20 0.600000
5 0.600000
109 0.600000
99 0.600000
96 0.583333
56 0.571429
84 0.562500
45 0.562500
32 0.555556
0 0.555556
61 0.545455
76 0.538462
78 0.538462
8 0.535714
77 0.500000
40 0.500000
81 0.500000
106 0.500000
17 0.500000
19 0.500000
28 0.500000
21 0.500000
9 0.500000
86 0.500000
10 0.500000
2 0.500000
58 0.500000
26 0.500000
89 0.456853
68 0.450000
38 0.444444
57 0.444444
4 0.444444
27 0.428571
95 0.428571
41 0.416667
74 0.400000
23 0.400000
42 0.400000
103 0.400000
105 0.388889
34 0.384615
30 0.375000
70 0.363636
3 0.352941
85 0.350000
33 0.333333
69 0.333333
63 0.333333
102 0.333333
92 0.333333
60 0.333333
39 0.333333
49 0.333333
91 0.333333
90 0.333333
24 0.333333
25 0.333333
13 0.333333
11 0.333333
1 0.333333
35 0.307692
46 0.300000
107 0.300000
88 0.285714
87 0.285714
64 0.285714
48 0.250000
94 0.250000
67 0.250000
82 0.250000
80 0.250000
59 0.250000
14 0.200000
52 0.200000
104 0.166667
54 0.166667
79 0.142857
47 0.000000
6 0.000000
36 0.000000
75 0.000000
50 0.000000
16 0.000000
55 0.000000
