28 1.000000
106 0.875000
23 0.857143
7 0.750000
13 0.750000
83 0.714286
0 0.700000
36 0.666667
95 0.666667
69 0.666667
6 0.666667
19 0.666667
100 0.666667
34 0.647059
11 0.636364
5 0.625000
31 0.625000
63 0.600000
94 0.600000
61 0.600000
97 0.600000
18 0.578947
33 0.576923
76 0.550000
48 0.545455
88 0.545455
85 0.545455
51 0.545455
86 0.538462
84 0.533333
27 0.523810
9 0.523810
68 0.516129
30 0.500000
50 0.500000
8 0.500000
49 0.500000
14 0.500000
102 0.500000
24 0.500000
91 0.500000
20 0.500000
42 0.500000
15 0.500000
104 0.500000
45 0.500000
17 0.500000
38 0.476190
107 0.476190
25 0.476190
78 0.473684
98 0.473684
21 0.466667
74 0.461538
82 0.458333
105 0.457143
90 0.454819
29 0.454545
2 0.444444
22 0.444444
87 0.444444
35 0.437500
109 0.434783
72 0.428571
65 0.428571
66 0.428571
71 0.428571
59 0.428571
57 0.416667
32 0.411765
64 0.406250
39 0.400000
56 0.400000
58 0.400000
37 0.400000
93 0.384615
1 0.375000
103 0.375000
96 0.375000
41 0.368421
108 0.350000
10 0.333333
89 0.333333
77 0.333333
75 0.333333
92 0.333333
79 0.333333
43 0.333333
53 0.312500
73 0.312500
3 0.312500
81 0.294118
99 0.285714
60 0.285714
101 0.277778
46 0.263158
12 0.250000
62 0.250000
44 0.250000
16 0.222222
40 0.222222
67 0.200000
80 0.166667
70 0.166667
4 0.062500
47 0.000000
52 0.000000
54 0.000000
26 0.000000
55 0.000000
