49 1.000000
95 0.916667
100 0.857143
17 0.833333
108 0.769231
0 0.750000
23 0.750000
97 0.750000
98 0.750000
60 0.700000
103 0.666667
11 0.666667
27 0.666667
7 0.666667
32 0.666667
74 0.666667
48 0.666667
76 0.658537
84 0.642857
69 0.636364
104 0.600000
83 0.600000
94 0.600000
53 0.600000
18 0.586207
73 0.583333
77 0.583333
21 0.571429
65 0.565217
59 0.555556
39 0.555556
70 0.550000
78 0.550000
37 0.545455
107 0.545455
64 0.538462
2 0.529412
109 0.526316
85 0.526316
45 0.516129
28 0.500000
42 0.500000
43 0.500000
19 0.500000
71 0.500000
55 0.500000
79 0.500000
106 0.500000
30 0.500000
102 0.500000
58 0.500000
96 0.500000
13 0.500000
34 0.500000
90 0.500000
86 0.500000
91 0.485095
46 0.481481
41 0.476190
8 0.473684
81 0.458333
3 0.454545
1 0.454545
5 0.454545
20 0.450000
88 0.444444
68 0.442308
72 0.421053
25 0.416667
38 0.409091
40 0.400000
14 0.400000
9 0.391304
93 0.375000
35 0.368421
57 0.352941
33 0.347826
62 0.333333
16 0.333333
61 0.333333
44 0.333333
4 0.333333
26 0.333333
101 0.333333
66 0.333333
105 0.333333
6 0.333333
50 0.333333
29 0.333333
89 0.333333
80 0.333333
82 0.322581
92 0.294118
22 0.285714
51 0.285714
87 0.277778
56 0.250000
12 0.250000
99 0.250000
31 0.230769
54 0.200000
24 0.166667
36 0.142857
63 0.000000
75 0.000000
47 0.000000
52 0.000000
15 0.000000
67 0.000000
10 0.000000
