14 0.818182
26 0.777778
43 0.750000
49 0.714286
99 0.666667
103 0.666667
94 0.625000
36 0.600000
60 0.600000
37 0.571429
56 0.555556
38 0.552632
42 0.545455
101 0.545455
4 0.541667
108 0.523810
84 0.517241
54 0.500000
59 0.500000
79 0.500000
20 0.500000
78 0.500000
44 0.500000
23 0.500000
95 0.500000
109 0.500000
8 0.486486
33 0.470588
18 0.468750
22 0.466667
106 0.461538
93 0.454545
96 0.450000
80 0.444444
98 0.444444
9 0.441176
57 0.434783
104 0.428571
67 0.428571
66 0.428571
0 0.428571
3 0.425532
1 0.416667
86 0.411765
97 0.411765
34 0.409091
85 0.400000
17 0.400000
82 0.400000
13 0.400000
46 0.400000
45 0.400000
105 0.400000
55 0.400000
21 0.400000
92 0.396752
81 0.393939
61 0.384615
24 0.384615
31 0.384615
25 0.380952
73 0.375000
50 0.375000
48 0.375000
100 0.363636
69 0.363636
27 0.347826
65 0.344828
107 0.333333
89 0.333333
7 0.333333
47 0.333333
35 0.333333
90 0.333333
15 0.333333
39 0.333333
53 0.333333
41 0.323529
64 0.318182
68 0.309524
83 0.307692
63 0.300000
30 0.300000
19 0.300000
91 0.294118
32 0.291667
40 0.285714
10 0.285714
70 0.277778
76 0.266667
72 0.260870
16 0.250000
87 0.250000
12 0.222222
11 0.200000
71 0.200000
58 0.181818
77 0.166667
2 0.166667
74 0.142857
52 0.111111
88 0.111111
75 0.100000
29 0.071429
6 0.000000
102 0.000000
51 0.000000
62 0.000000
28 0.000000
5 0.000000
