2 1.000000
106 0.916667
69 0.750000
22 0.750000
83 0.750000
89 0.750000
50 0.750000
58 0.750000
109 0.735294
63 0.666667
21 0.666667
6 0.666667
98 0.653846
77 0.647059
97 0.640000
101 0.625000
72 0.625000
104 0.611111
61 0.608696
94 0.600000
47 0.600000
42 0.590909
24 0.588235
31 0.583333
84 0.580645
79 0.571429
0 0.571429
78 0.564103
8 0.549296
85 0.547170
37 0.538462
46 0.531250
3 0.526316
107 0.526316
36 0.521739
7 0.500000
5 0.500000
26 0.500000
108 0.500000
18 0.500000
88 0.500000
29 0.500000
10 0.500000
28 0.500000
44 0.500000
59 0.500000
55 0.500000
23 0.500000
76 0.490566
93 0.483636
53 0.482759
65 0.480000
27 0.477273
68 0.476923
20 0.473684
86 0.473684
81 0.468750
87 0.461538
45 0.461538
60 0.461538
32 0.458333
25 0.458333
92 0.454545
1 0.454545
39 0.454545
38 0.454545
41 0.454545
100 0.454545
9 0.454545
66 0.444444
82 0.441860
105 0.439394
64 0.439024
56 0.437500
49 0.428571
15 0.428571
52 0.428571
70 0.424242
16 0.421053
95 0.421053
13 0.416667
11 0.409091
30 0.400000
12 0.400000
17 0.400000
90 0.384615
91 0.375000
34 0.375000
99 0.375000
57 0.363636
51 0.363636
71 0.352941
96 0.351351
54 0.333333
75 0.333333
19 0.333333
73 0.320000
80 0.312500
74 0.307692
48 0.307692
33 0.285714
4 0.285714
43 0.272727
35 0.266667
103 0.250000
67 0.166667
14 0.166667
40 0.153846
62 0.000000
102 0.000000
