39 1.000000
26 1.000000
13 1.000000
49 1.000000
24 1.000000
77 1.000000
14 0.900000
35 0.888889
4 0.857143
71 0.857143
40 0.846154
20 0.833333
2 0.833333
99 0.800000
44 0.800000
66 0.800000
96 0.777778
43 0.750000
19 0.750000
108 0.750000
21 0.750000
52 0.750000
16 0.750000
72 0.736842
42 0.727273
76 0.722222
82 0.720000
80 0.714286
37 0.714286
3 0.681818
51 0.666667
95 0.666667
56 0.666667
22 0.666667
63 0.666667
60 0.666667
36 0.666667
25 0.666667
62 0.666667
78 0.666667
97 0.666667
17 0.647059
88 0.636364
9 0.636364
53 0.636364
18 0.636364
85 0.633333
83 0.625000
92 0.625000
86 0.625000
107 0.625000
84 0.615385
90 0.600000
106 0.600000
93 0.600000
91 0.600000
11 0.600000
50 0.600000
94 0.596708
64 0.583333
34 0.583333
105 0.583333
38 0.571429
61 0.571429
45 0.571429
59 0.571429
98 0.571429
27 0.555556
65 0.545455
8 0.545455
32 0.538462
69 0.500000
103 0.500000
73 0.500000
74 0.500000
1 0.500000
48 0.500000
23 0.500000
67 0.500000
30 0.500000
101 0.500000
81 0.500000
102 0.500000
15 0.500000
55 0.500000
70 0.482759
58 0.454545
68 0.454545
46 0.444444
0 0.428571
41 0.416667
31 0.400000
100 0.400000
57 0.375000
109 0.363636
7 0.333333
75 0.333333
104 0.333333
29 0.333333
54 0.333333
12 0.250000
79 0.250000
89 0.250000
33 0.222222
87 0.142857
47 0.000000
6 0.000000
5 0.000000
28 0.000000
10 0.000000
