15 1.000000
91 0.916667
42 0.900000
83 0.857143
103 0.833333
6 0.833333
20 0.812500
44 0.785714
72 0.750000
14 0.750000
58 0.714286
76 0.675676
27 0.675000
10 0.666667
98 0.666667
86 0.666667
55 0.666667
94 0.666667
28 0.666667
53 0.666667
107 0.666667
51 0.666667
90 0.666667
74 0.642857
99 0.636364
109 0.636364
46 0.631579
31 0.625000
106 0.615385
7 0.600000
0 0.600000
70 0.592593
82 0.592593
3 0.576923
77 0.571429
71 0.571429
9 0.571429
4 0.545455
39 0.538462
11 0.533333
37 0.533333
57 0.533333
97 0.529412
32 0.529412
87 0.521739
96 0.518519
35 0.516129
95 0.512887
85 0.500000
79 0.500000
102 0.500000
40 0.500000
26 0.500000
66 0.500000
63 0.500000
92 0.500000
45 0.487805
64 0.483871
8 0.481481
68 0.479167
81 0.476190
61 0.461538
13 0.454545
16 0.454545
84 0.450000
56 0.437500
59 0.437500
33 0.437500
23 0.428571
89 0.428571
34 0.428571
100 0.428571
93 0.421053
88 0.421053
105 0.404762
50 0.400000
12 0.400000
21 0.400000
24 0.400000
36 0.400000
80 0.400000
1 0.400000
2 0.400000
104 0.400000
18 0.391304
73 0.388889
38 0.384615
78 0.380952
49 0.375000
43 0.375000
60 0.363636
17 0.363636
25 0.357143
108 0.352941
65 0.352941
54 0.333333
62 0.333333
19 0.333333
29 0.333333
22 0.285714
41 0.258065
67 0.250000
30 0.250000
52 0.250000
101 0.200000
48 0.181818
5 0.166667
69 0.166667
75 0.142857
47 0.000000
