94 0.777778
71 0.750000
77 0.714286
66 0.687500
26 0.666667
48 0.666667
36 0.666667
57 0.657143
107 0.638889
108 0.638889
103 0.625000
10 0.625000
12 0.615385
58 0.615385
14 0.611111
98 0.600000
63 0.600000
62 0.600000
89 0.583333
83 0.571429
42 0.568966
38 0.566265
0 0.565217
99 0.565217
3 0.560000
39 0.560000
109 0.558140
5 0.555556
11 0.555556
104 0.555556
72 0.553191
41 0.544118
18 0.544118
2 0.541667
27 0.535714
78 0.528302
81 0.526316
97 0.523810
46 0.521739
40 0.520000
95 0.518519
8 0.518182
65 0.517857
106 0.516129
34 0.510204
85 0.504587
91 0.500000
29 0.500000
75 0.500000
28 0.500000
55 0.500000
51 0.500000
43 0.500000
102 0.500000
96 0.491081
17 0.481481
37 0.478261
101 0.476190
53 0.473684
74 0.470588
35 0.470588
84 0.468085
68 0.466667
31 0.466667
61 0.465116
22 0.464286
70 0.464286
86 0.464286
54 0.461538
50 0.461538
33 0.461538
47 0.461538
32 0.461538
20 0.460000
92 0.450000
87 0.449275
9 0.448276
82 0.448276
64 0.445946
13 0.444444
105 0.444444
67 0.444444
88 0.434783
45 0.428571
56 0.423077
1 0.421053
76 0.416667
73 0.412698
24 0.411765
4 0.400000
25 0.394737
60 0.387097
21 0.384615
80 0.382353
100 0.375000
90 0.375000
6 0.375000
30 0.375000
69 0.375000
93 0.351351
16 0.344828
59 0.333333
49 0.333333
44 0.333333
79 0.280000
19 0.250000
15 0.250000
52 0.250000
23 0.250000
7 0.000000
