36 1.000000
24 0.857143
83 0.846154
48 0.846154
14 0.846154
60 0.812500
43 0.800000
88 0.800000
5 0.785714
91 0.750000
42 0.739130
107 0.731707
11 0.722222
18 0.717949
65 0.700000
37 0.700000
57 0.692308
66 0.692308
29 0.687500
34 0.684211
20 0.677419
52 0.666667
46 0.666667
109 0.666667
15 0.666667
94 0.666667
99 0.666667
102 0.666667
19 0.666667
0 0.666667
61 0.647059
2 0.642857
93 0.640000
79 0.636364
31 0.636364
84 0.631579
72 0.629630
98 0.629630
35 0.628571
89 0.625000
47 0.625000
73 0.625000
104 0.620690
8 0.619565
108 0.619048
86 0.619048
27 0.616667
59 0.615385
33 0.600000
13 0.600000
90 0.600000
22 0.600000
77 0.600000
74 0.600000
97 0.586098
81 0.583333
68 0.583333
51 0.583333
3 0.581818
39 0.571429
87 0.571429
58 0.571429
44 0.571429
64 0.568627
76 0.565217
21 0.562500
103 0.555556
1 0.555556
41 0.550000
70 0.547170
71 0.545455
17 0.545455
82 0.543478
53 0.538462
50 0.538462
78 0.535714
95 0.529412
85 0.528090
96 0.523810
105 0.521739
25 0.520000
101 0.517241
75 0.500000
62 0.500000
54 0.500000
26 0.500000
16 0.500000
63 0.500000
7 0.500000
28 0.500000
40 0.500000
6 0.500000
100 0.476190
56 0.461538
38 0.454545
30 0.444444
106 0.444444
23 0.444444
9 0.425000
45 0.419355
92 0.411765
69 0.384615
67 0.384615
4 0.375000
32 0.368421
10 0.333333
80 0.333333
49 0.285714
12 0.200000
55 0.000000
