102 1.000000
13 1.000000
51 0.812500
14 0.793103
40 0.785714
106 0.785714
103 0.772727
87 0.771429
43 0.769231
37 0.764706
91 0.750000
15 0.750000
20 0.750000
7 0.750000
17 0.736842
39 0.733333
22 0.733333
21 0.733333
107 0.729167
71 0.727273
80 0.724138
60 0.714286
81 0.714286
108 0.714286
8 0.700000
72 0.694915
100 0.681818
18 0.681159
65 0.675676
85 0.671053
95 0.666667
56 0.666667
28 0.666667
93 0.653846
0 0.653846
57 0.648649
38 0.647059
27 0.644737
61 0.638889
46 0.638298
75 0.636364
30 0.636364
109 0.636364
25 0.634615
11 0.634146
77 0.633333
97 0.629630
89 0.625000
23 0.625000
104 0.625000
105 0.623188
74 0.619048
16 0.615385
59 0.615385
41 0.613636
67 0.611111
99 0.611111
98 0.607547
76 0.603448
96 0.600000
42 0.600000
63 0.600000
101 0.590909
48 0.588235
31 0.588235
44 0.583333
52 0.583333
73 0.581395
6 0.571429
94 0.571429
5 0.571429
9 0.568627
3 0.568627
88 0.565217
69 0.562500
50 0.562500
33 0.558824
10 0.555556
4 0.551020
84 0.549020
82 0.548780
86 0.542857
45 0.542857
2 0.533333
70 0.533333
53 0.529412
19 0.526316
32 0.515152
64 0.514286
35 0.509091
34 0.500000
79 0.500000
62 0.500000
49 0.500000
68 0.491228
24 0.476190
58 0.473684
90 0.473684
78 0.470588
83 0.454545
92 0.444444
55 0.428571
26 0.416667
29 0.416667
12 0.400000
66 0.400000
1 0.333333
36 0.285714
54 0.285714
47 0.142857
