15 1.000000
10 0.833333
0 0.818182
94 0.800000
73 0.777778
11 0.777778
48 0.760000
104 0.750000
54 0.750000
66 0.714286
100 0.714286
57 0.692308
101 0.687500
24 0.684211
12 0.666667
92 0.666667
97 0.666667
37 0.666667
56 0.666667
109 0.647059
95 0.636364
22 0.625000
59 0.625000
98 0.611111
40 0.600000
84 0.600000
77 0.600000
67 0.600000
65 0.600000
5 0.600000
89 0.600000
81 0.590909
41 0.588235
18 0.588235
33 0.583333
105 0.583333
75 0.571429
14 0.571429
51 0.571429
96 0.565217
53 0.562500
107 0.555556
55 0.555556
1 0.555556
106 0.555556
7 0.555556
17 0.545455
45 0.535714
82 0.533333
83 0.533333
72 0.523810
70 0.516129
99 0.514019
27 0.512821
76 0.512195
8 0.510204
23 0.500000
28 0.500000
49 0.500000
43 0.500000
103 0.500000
79 0.500000
2 0.500000
87 0.500000
30 0.500000
4 0.500000
32 0.500000
108 0.500000
69 0.500000
6 0.500000
3 0.473684
68 0.468085
38 0.466667
85 0.466667
61 0.461538
58 0.461538
19 0.454545
86 0.450000
52 0.444444
39 0.444444
74 0.444444
35 0.440000
34 0.440000
44 0.437500
88 0.428571
80 0.421053
71 0.400000
16 0.400000
50 0.380952
20 0.375000
9 0.375000
78 0.375000
31 0.375000
93 0.375000
64 0.369565
29 0.352941
42 0.333333
26 0.333333
21 0.333333
63 0.333333
60 0.333333
25 0.294118
90 0.285714
46 0.277778
13 0.272727
91 0.250000
102 0.250000
47 0.200000
36 0.142857
62 0.000000
