15 1.000000
30 1.000000
80 1.000000
91 0.857143
59 0.800000
25 0.800000
0 0.769231
22 0.750000
36 0.750000
108 0.750000
83 0.750000
61 0.750000
40 0.750000
77 0.750000
18 0.739130
48 0.733333
8 0.727273
99 0.714286
103 0.700000
26 0.700000
51 0.700000
14 0.700000
42 0.700000
98 0.681818
85 0.680000
89 0.666667
101 0.666667
28 0.666667
90 0.666667
44 0.666667
23 0.666667
73 0.636364
70 0.631579
109 0.625000
63 0.625000
72 0.600000
69 0.600000
37 0.600000
66 0.600000
84 0.600000
58 0.600000
2 0.600000
82 0.592593
87 0.583333
107 0.583333
41 0.578947
78 0.578947
39 0.571429
19 0.571429
81 0.555556
57 0.555556
34 0.550000
46 0.545455
86 0.545455
68 0.545455
43 0.545455
21 0.545455
100 0.543284
60 0.533333
33 0.518519
65 0.517241
102 0.500000
9 0.500000
64 0.500000
16 0.500000
74 0.500000
1 0.500000
6 0.500000
75 0.500000
49 0.500000
97 0.476190
3 0.461538
29 0.461538
76 0.461538
31 0.454545
50 0.454545
71 0.454545
93 0.454545
105 0.454545
52 0.444444
104 0.444444
11 0.444444
53 0.444444
88 0.437500
35 0.437500
10 0.428571
27 0.428571
54 0.428571
24 0.428571
20 0.428571
95 0.428571
38 0.419355
4 0.400000
62 0.400000
94 0.400000
96 0.375000
13 0.375000
92 0.363636
45 0.360000
67 0.333333
5 0.333333
17 0.333333
106 0.333333
12 0.333333
32 0.333333
7 0.250000
56 0.250000
79 0.250000
55 0.000000
47 0.000000
