54 1.000000
0 0.800000
59 0.714286
66 0.714286
26 0.714286
33 0.714286
106 0.700000
99 0.687500
100 0.666667
6 0.666667
49 0.666667
20 0.647059
87 0.640000
43 0.636364
93 0.625000
10 0.625000
65 0.617647
83 0.600000
89 0.600000
13 0.600000
47 0.600000
78 0.600000
2 0.600000
81 0.592593
98 0.590909
39 0.583333
108 0.576923
18 0.567568
68 0.560000
32 0.560000
56 0.555556
64 0.547619
104 0.545455
22 0.545455
92 0.545455
69 0.545455
107 0.538462
57 0.523810
97 0.517241
84 0.515152
41 0.511628
40 0.500000
28 0.500000
94 0.500000
55 0.500000
102 0.500000
53 0.500000
15 0.500000
50 0.500000
30 0.500000
109 0.500000
8 0.476190
96 0.476190
86 0.468750
88 0.466667
42 0.461538
70 0.458333
101 0.457364
46 0.457143
77 0.454545
85 0.454545
61 0.450000
48 0.450000
25 0.441176
73 0.440000
44 0.428571
63 0.428571
38 0.424242
14 0.416667
31 0.416667
11 0.413793
45 0.404762
12 0.400000
52 0.400000
7 0.400000
27 0.400000
80 0.388889
60 0.388889
105 0.387755
1 0.384615
17 0.384615
79 0.384615
3 0.384615
4 0.384615
37 0.375000
76 0.366667
24 0.357143
9 0.347826
82 0.342857
29 0.333333
91 0.333333
5 0.333333
21 0.333333
34 0.322581
74 0.322581
23 0.285714
72 0.285714
90 0.277778
16 0.250000
103 0.250000
51 0.250000
58 0.250000
35 0.208333
62 0.200000
95 0.200000
67 0.071429
71 0.000000
75 0.000000
19 0.000000
36 0.000000
