28 1.000000
1 1.000000
2 1.000000
106 1.000000
103 1.000000
98 1.000000
52 1.000000
58 1.000000
84 1.000000
62 1.000000
50 0.750000
76 0.750000
18 0.750000
43 0.714286
27 0.700000
97 0.666667
88 0.666667
0 0.666667
109 0.625000
65 0.571429
8 0.555556
10 0.500000
107 0.500000
104 0.500000
101 0.500000
100 0.500000
26 0.500000
17 0.500000
5 0.500000
29 0.500000
96 0.500000
31 0.500000
95 0.500000
33 0.500000
34 0.500000
94 0.500000
91 0.500000
90 0.500000
85 0.500000
55 0.500000
81 0.500000
67 0.500000
54 0.500000
77 0.500000
75 0.500000
72 0.500000
46 0.500000
71 0.500000
13 0.500000
69 0.500000
14 0.500000
51 0.500000
60 0.500000
105 0.461538
3 0.428571
80 0.428571
68 0.411765
64 0.400000
57 0.400000
70 0.400000
41 0.400000
102 0.398374
20 0.375000
35 0.375000
108 0.375000
25 0.375000
87 0.375000
45 0.363636
49 0.333333
48 0.333333
66 0.333333
24 0.333333
32 0.333333
79 0.333333
89 0.333333
4 0.333333
7 0.250000
78 0.250000
99 0.250000
12 0.250000
61 0.250000
38 0.250000
83 0.250000
86 0.200000
19 0.200000
59 0.166667
53 0.166667
42 0.166667
9 0.142857
16 0.142857
37 0.000000
36 0.000000
92 0.000000
93 0.000000
44 0.000000
74 0.000000
40 0.000000
6 0.000000
15 0.000000
73 0.000000
47 0.000000
39 0.000000
56 0.000000
11 0.000000
23 0.000000
22 0.000000
21 0.000000
63 0.000000
30 0.000000
82 0.000000
