47 1.000000
54 1.000000
66 1.000000
102 1.000000
75 1.000000
10 1.000000
23 1.000000
7 1.000000
22 1.000000
16 1.000000
0 0.875000
104 0.833333
95 0.833333
83 0.800000
108 0.800000
72 0.789474
41 0.777778
18 0.777778
98 0.772727
80 0.750000
14 0.727273
4 0.714286
100 0.700000
27 0.684211
92 0.666667
91 0.666667
20 0.666667
28 0.666667
73 0.666667
30 0.666667
52 0.666667
6 0.666667
59 0.666667
85 0.653846
33 0.650000
34 0.631579
96 0.625000
81 0.615385
11 0.615385
9 0.600000
44 0.571429
46 0.571429
65 0.571429
17 0.571429
64 0.565217
109 0.562500
8 0.562500
50 0.562500
53 0.555556
97 0.555556
29 0.545455
48 0.545455
82 0.541667
103 0.537906
94 0.500000
106 0.500000
12 0.500000
2 0.500000
26 0.500000
39 0.500000
60 0.500000
49 0.500000
74 0.500000
63 0.500000
35 0.500000
15 0.500000
99 0.500000
71 0.500000
45 0.478261
76 0.478261
105 0.473684
42 0.461538
38 0.454545
68 0.454545
86 0.444444
21 0.444444
84 0.437500
77 0.428571
3 0.428571
107 0.428571
87 0.428571
61 0.416667
1 0.400000
5 0.400000
19 0.400000
13 0.400000
58 0.400000
55 0.400000
69 0.400000
89 0.400000
78 0.384615
90 0.375000
43 0.363636
70 0.357143
51 0.333333
67 0.333333
37 0.333333
40 0.333333
32 0.307692
79 0.285714
101 0.250000
93 0.250000
56 0.250000
57 0.200000
24 0.200000
25 0.200000
88 0.200000
62 0.000000
31 0.000000
36 0.000000
