31 0.857143
63 0.833333
103 0.833333
33 0.800000
7 0.750000
99 0.750000
66 0.666667
17 0.666667
43 0.666667
39 0.636364
105 0.629630
98 0.625000
54 0.625000
97 0.620690
18 0.612903
93 0.611111
109 0.607143
84 0.606061
29 0.600000
91 0.600000
46 0.588235
45 0.575000
55 0.571429
23 0.555556
40 0.555556
48 0.555556
96 0.555556
101 0.545455
86 0.545455
49 0.545455
83 0.545455
72 0.541667
78 0.541667
11 0.538462
21 0.538462
77 0.533333
64 0.533333
107 0.533333
81 0.526316
8 0.509804
6 0.500000
102 0.500000
20 0.500000
74 0.500000
1 0.500000
71 0.500000
0 0.500000
90 0.500000
25 0.500000
87 0.500000
37 0.500000
61 0.500000
52 0.500000
53 0.500000
13 0.500000
3 0.484848
65 0.481481
104 0.476077
79 0.470588
42 0.466667
68 0.465517
38 0.458333
106 0.454545
85 0.454545
100 0.444444
58 0.444444
10 0.444444
92 0.428571
88 0.428571
70 0.428571
108 0.428571
73 0.421053
32 0.421053
76 0.405405
95 0.400000
19 0.400000
14 0.400000
28 0.400000
4 0.368421
35 0.368421
27 0.363636
41 0.363636
5 0.363636
2 0.357143
56 0.352941
75 0.333333
16 0.333333
24 0.333333
94 0.333333
47 0.333333
22 0.333333
12 0.333333
57 0.318182
34 0.315789
59 0.300000
9 0.291667
80 0.285714
60 0.285714
50 0.272727
82 0.260870
62 0.250000
44 0.250000
51 0.222222
36 0.200000
67 0.200000
89 0.166667
69 0.125000
30 0.000000
26 0.000000
15 0.000000
