51 0.675676
83 0.637931
104 0.629630
98 0.623188
0 0.622642
37 0.611111
7 0.588235
99 0.583333
94 0.583333
49 0.576923
18 0.573913
8 0.573840
2 0.568182
31 0.564103
42 0.560000
79 0.557692
5 0.555556
9 0.554745
78 0.548387
108 0.547619
24 0.547619
26 0.541667
47 0.538462
65 0.536082
109 0.535714
44 0.531915
67 0.531250
46 0.526882
17 0.526316
87 0.525641
97 0.521739
20 0.521739
60 0.520833
84 0.520000
72 0.518072
85 0.516779
76 0.516779
19 0.515152
11 0.513514
27 0.507692
107 0.506173
12 0.500000
86 0.493333
80 0.490566
33 0.489583
39 0.488372
105 0.484994
68 0.484043
73 0.483871
59 0.480000
103 0.473684
13 0.473684
45 0.473684
29 0.472222
21 0.472222
41 0.470149
34 0.469880
61 0.468354
38 0.467626
77 0.466667
25 0.462366
102 0.461538
106 0.461538
53 0.457831
90 0.457143
88 0.456140
22 0.454545
71 0.454545
100 0.454545
82 0.454545
58 0.452381
70 0.450000
66 0.448276
23 0.448276
57 0.448276
96 0.444444
35 0.443396
64 0.439655
93 0.439394
4 0.438202
69 0.437500
48 0.431373
50 0.428571
6 0.428571
10 0.428571
55 0.428571
14 0.419355
81 0.411111
3 0.409639
40 0.405405
95 0.404762
92 0.400000
89 0.388889
101 0.387755
63 0.387097
32 0.358025
1 0.350000
56 0.340909
54 0.333333
91 0.333333
52 0.333333
16 0.325581
74 0.323077
43 0.322581
28 0.312500
15 0.300000
75 0.250000
36 0.200000
30 0.181818
62 0.071429
