102 1.000000
28 1.000000
36 1.000000
30 1.000000
93 0.916667
90 0.875000
75 0.800000
26 0.800000
57 0.800000
98 0.785714
88 0.761905
6 0.750000
39 0.750000
109 0.733333
42 0.724138
86 0.714286
24 0.714286
101 0.700000
40 0.692308
31 0.666667
21 0.666667
16 0.666667
77 0.666667
12 0.666667
33 0.656250
0 0.636364
107 0.625000
73 0.619048
34 0.619048
95 0.615385
81 0.600000
7 0.600000
94 0.600000
19 0.588235
25 0.578947
55 0.571429
58 0.571429
71 0.555556
99 0.555556
65 0.555556
64 0.551020
8 0.550000
59 0.545455
3 0.538462
50 0.538462
4 0.533333
72 0.533333
46 0.529412
83 0.526316
78 0.523810
96 0.516129
51 0.500000
103 0.500000
53 0.500000
23 0.500000
87 0.500000
10 0.500000
89 0.500000
91 0.500000
106 0.494407
85 0.492063
70 0.487179
27 0.479167
92 0.461538
105 0.461538
104 0.454545
97 0.444444
11 0.434783
68 0.431373
35 0.428571
17 0.428571
48 0.416667
9 0.411765
41 0.410256
76 0.407407
63 0.400000
14 0.400000
61 0.400000
38 0.388889
45 0.386364
80 0.380952
54 0.363636
56 0.363636
32 0.350000
84 0.333333
62 0.333333
108 0.333333
15 0.333333
22 0.333333
43 0.333333
60 0.333333
49 0.333333
100 0.333333
82 0.307692
67 0.285714
44 0.285714
66 0.285714
37 0.285714
18 0.272727
69 0.250000
79 0.250000
74 0.222222
13 0.200000
29 0.190476
52 0.166667
1 0.142857
2 0.100000
20 0.000000
47 0.000000
5 0.000000
