23 0.785714
26 0.777778
88 0.769231
47 0.750000
97 0.731707
98 0.729167
78 0.718750
0 0.705882
46 0.695652
59 0.692308
42 0.675000
37 0.666667
95 0.666667
72 0.653846
108 0.652174
19 0.642857
33 0.638889
96 0.638889
8 0.633028
60 0.625000
106 0.625000
94 0.625000
2 0.615385
61 0.608696
22 0.600000
7 0.600000
55 0.600000
12 0.600000
84 0.592593
11 0.586957
100 0.583333
86 0.575758
34 0.574468
49 0.571429
75 0.571429
52 0.571429
17 0.562500
65 0.561404
81 0.559322
76 0.558824
41 0.555556
99 0.555556
67 0.555556
44 0.555556
80 0.551724
85 0.546512
91 0.545455
20 0.545455
63 0.545455
27 0.545455
53 0.540541
3 0.539326
101 0.538462
57 0.535714
104 0.533333
107 0.531991
32 0.528571
93 0.526316
79 0.526316
31 0.521739
45 0.520000
70 0.517241
83 0.515152
25 0.509434
4 0.509091
105 0.506173
51 0.500000
102 0.500000
48 0.500000
69 0.500000
15 0.500000
77 0.500000
56 0.500000
28 0.500000
109 0.500000
82 0.488636
64 0.487500
13 0.478261
73 0.478261
90 0.476190
43 0.470588
87 0.466667
68 0.462366
29 0.457143
14 0.450000
38 0.446429
10 0.444444
66 0.444444
24 0.440000
16 0.433333
103 0.428571
35 0.412698
39 0.400000
74 0.393939
18 0.393939
21 0.375000
58 0.375000
50 0.370370
30 0.363636
9 0.353846
71 0.352941
54 0.333333
6 0.333333
1 0.333333
36 0.333333
92 0.333333
40 0.304348
89 0.300000
5 0.187500
62 0.125000
