26 0.888889
59 0.882353
0 0.833333
33 0.814815
28 0.800000
6 0.800000
103 0.800000
91 0.769231
88 0.760000
100 0.750000
94 0.750000
84 0.744681
18 0.741379
31 0.733333
37 0.722222
98 0.714286
89 0.714286
23 0.700000
19 0.692308
71 0.692308
109 0.688889
39 0.684211
2 0.681818
34 0.676471
11 0.666667
78 0.666667
58 0.666667
47 0.666667
8 0.666667
77 0.655172
107 0.652174
96 0.638889
61 0.636364
17 0.636364
69 0.636364
81 0.636364
65 0.636364
97 0.619048
5 0.615385
75 0.615385
85 0.613333
29 0.612903
45 0.611111
72 0.606061
73 0.605263
68 0.604396
9 0.604167
30 0.600000
15 0.600000
79 0.590909
57 0.588235
64 0.581395
70 0.580645
32 0.580645
108 0.580508
41 0.576923
101 0.576923
82 0.553846
25 0.552632
53 0.548387
105 0.547619
43 0.545455
66 0.545455
46 0.538462
55 0.533333
42 0.531250
48 0.526316
92 0.523810
60 0.521739
56 0.517241
38 0.511628
36 0.500000
52 0.500000
99 0.500000
51 0.500000
93 0.500000
7 0.500000
83 0.500000
54 0.500000
44 0.500000
35 0.500000
27 0.487805
4 0.483871
76 0.482143
3 0.480769
86 0.480000
80 0.478261
74 0.478261
24 0.476190
50 0.470588
87 0.466667
14 0.461538
16 0.450000
22 0.437500
104 0.428571
40 0.416667
21 0.409091
62 0.400000
10 0.400000
13 0.384615
20 0.380952
102 0.375000
95 0.352941
90 0.350000
12 0.333333
63 0.333333
106 0.333333
67 0.300000
1 0.263158
49 0.166667
