15 1.000000
88 0.894737
47 0.857143
18 0.837838
93 0.735294
22 0.733333
106 0.733333
42 0.703704
7 0.700000
49 0.700000
57 0.692308
108 0.688889
60 0.684211
83 0.666667
13 0.666667
97 0.666667
87 0.666667
23 0.666667
81 0.655172
99 0.647059
2 0.647059
78 0.647059
71 0.647059
20 0.638889
98 0.636364
95 0.636364
31 0.636364
53 0.633333
0 0.631579
84 0.630769
77 0.629630
54 0.625000
102 0.625000
100 0.625000
44 0.625000
61 0.612903
51 0.611111
65 0.608696
104 0.607143
19 0.600000
37 0.600000
80 0.600000
50 0.600000
89 0.600000
8 0.600000
46 0.600000
27 0.589041
1 0.588235
64 0.584416
43 0.578947
17 0.575758
72 0.574074
35 0.571429
74 0.571429
73 0.568182
32 0.566667
109 0.566061
86 0.565217
9 0.563636
103 0.562500
96 0.558140
39 0.555556
45 0.550725
85 0.548387
76 0.546875
66 0.545455
11 0.540541
38 0.539683
105 0.535714
69 0.533333
82 0.532258
33 0.527778
91 0.526316
3 0.525000
41 0.514286
4 0.512821
6 0.500000
67 0.500000
14 0.500000
92 0.500000
58 0.500000
101 0.500000
59 0.500000
28 0.500000
107 0.500000
16 0.482759
34 0.480769
40 0.480000
68 0.474227
5 0.473684
21 0.461538
26 0.461538
79 0.454545
10 0.444444
90 0.434783
25 0.431373
48 0.424242
63 0.421053
24 0.411765
75 0.400000
70 0.384615
29 0.370370
94 0.363636
56 0.363636
12 0.357143
62 0.333333
30 0.333333
52 0.272727
55 0.200000
36 0.181818
